惹人思议（INCREDIBLE INDIA）,0,0,0.00,231
治疗思乡病的偏方,8.2,34,0,5186
我家沙发借你睡,9.6,36,0,17556
穿越大洋遇见你,8.8,216,3.99,100405
一个地方，一世情长,7.2,12,0.99,1012
咖啡杯里的金阁寺,8.8,392,1.99,29107
纽约倒影,8.4,453,1.99,33820
久违的事：俄罗斯笔记,7.8,171,2.99,12636
旅行故事,8.6,862,1.99,63917
高棉的微笑：吴哥传奇,8.0,27,4.99,10373
岛峰手记,8.6,32,1.99,2322
去澳洲，去流浪,8.2,116,0.99,7781
一直走直到我遇见你,9.2,873,0,3316933
辰,8.4,36,1.99,1991
新藏行记,9.2,64,3.99,8931
厄峰之旅,0,0,2.99,910
所谓青春，浪费一年又何妨,9.2,614,2.99,103284
纽伦堡之旅,8.6,70,1.99,6382
无边光景一时新,0,0,0.00,898
巴黎谈吃,0,0,0,15944
穿越七千公里的旅程,7.8,38,1.99,3480
他们的国，他们的民,0,0,0,3644
未寄信,8.4,21,1.99,1199
探险家要的是世界的心脏,0,0,1.99,1092
奔向那一片微笑,8.2,35,0.99,2687
一期一会的日本之旅,8.8,58,0,3886
日耳曼草木浮生,7.6,58,1.99,4629
因为这世界 我只来一次,0,0,1.99,2138
左手伊朗，右手波斯,8.4,114,1.99,5721
漫行阿根廷,0,0,4.99,1660
失业之旅,8.2,240,1.99,17547
在美国逛博物馆,8.2,20,0,46460
佛罗伦萨十二天十一夜,6.2,62,0.99,3877
8.0,123,2.99,23892201822041519284605749174715477045864768
不逍遥的海岛,8.0,18,2.99,1515
澳式翠恋客,0,0,0.99,785
瑞士建筑回忆,7.4,324,0,13180
浮生轻迈,8.6,22,1.99,1719
撒野非洲,0,0,3.99,1258
火烈鸟与火烧云,7.8,25,4.99,3792
于娇娇的澳洲打工旅行,0,0,0,236
白天看庙晚上睡觉,9.2,60,0,41320
不可思议的印度,7.6,442,0,26757
山野碎片集,8.2,13,1.99,1674
奔向那一片沙漠,8.0,17,1.99,3400
印加人的遗迹,0,0,0,130
浮光碎影意大利,8.8,120,1.99,21741
凝望中东,9.0,61,4.99,7980
我在英国做花园,0,0,0,396
墨脱（下部）,8.6,7.0,76,177,1.99,4490
路过你的城市（二）,0,0,1.99,303
信马游疆,0,0,1.99,989
沸腾京都,9.0,34,0,27120
一生一次,7.4,23,8.60,5650
寻味记,0,0,0,716
从中目黑到代官山：东京品质,7.6,35,0,2083
纽约，永不落幕,8.2,64,1.99,4853
去世界的尽头思考人生,7.0,65,0.99,6576
漫步在应许之地,7.6,19,0.00,2479
失业之旅,8.2,8.0,167,294,1.99,15156
暹罗的温度（上）,7.2,35,1.99,2311
远·见,7.6,17,2.99,3501
吃饱了撑的,9.6,24,0,11035
中东行纪续,7.2,11,1.99,220
墨脱（上部）,7.8,7.0,105,177,1.99,13599
徒步外高加索,6.8,14,1.99,1015
西行纪,8.2,52,1.99,2294
蓬尘录,0,0,0,1899
日耳曼草木浮生2,7.2,17,1.99,2263
伽蓝记,8.2,43,0,131148
三天两夜,8.4,107,1.99,5183
路过你的城市（一）,7.2,13,1.99,1324
路过你的城市（三）,0,0,1.99,524
国境以南：越南及其他,7.2,37,0,3800
失业了，去旅行：搭车•搭讪•搭伴（西藏篇）上,8.6,27,1.99,6117
150天意大利沙发客流浪记,7.8,48,1.99,5841
书店访记,0,0,0,6069
伊斯坦布尔一年,8.6,52,4.99,19653
罗马36：9,0,0,15.00,595
埃及行记,7.4,22,0,4916
Eureka,0,0,0,2370
独旅欧洲85天,0,0,0,1262
蓁子的倫敦亂亂走,0,0,0,19
电影造城（辑一）,0,0,2.99,1030
墨尔本咖啡地图,8.0,29,0,39959
世界那么大，我带你看看,9.4,343,0,783938
蜂房,8.0,21,1.99,852
跟着电影看京都,8.0,23,0,5984
220018891823389289213147129130162
那一年，我曾在朝鲜,7.6,27,0,10683
一个人的台湾环岛骑行记,8.8,30,1.99,4508
大地上的异乡客,0,0,0,8
我的北欧“蜜月”差点成了我的新婚“葬礼”,0,0,0,110
在垂死之家,8.0,326,0,13684
1.99,1333941844841810202162136128115
写给欧洲的情书（下）,0,0,1.99,939
在路口左转，看右边风景,0,0,2.99,1968
用回忆写成给你的情书,0,0,0,5834
写给欧洲的情书（上）,7.6,29,1.99,3607
与目的地的恋爱本纪,8.8,66,0.99,8521
朝圣者的灵魂,0,0,0,556
恋恋南风尘,0,0,0,3709
东游记,4.8,24,1.99,1877
一口酥 little treats,0,0,0,4317
亲吻有声,7.4,11,0.99,546
西班牙文化地图,7.4,47,1.99,6152
青山之外,0,0,0,3059
罗马的邻居,0,0,5.99,893
从“Me”到“We”的旅程,0,0,4.99,2090
文字聊饥,7.8,20,1.99,3002
旅人故事,7.4,18,0,11828
从斯堪的纳维亚到巴伐利亚,0,0,1.99,2289
8.4,19,1.99,307921102169628381286311360310325
英国摇滚寻路指南,7.6,19,0,19747
营造无法式,7.8,26,1.99,1232
此心安处是吾乡,0,0,0,168
佛国之旅,0,0,0.99,834
我把远方献给你,7.6,19,1.99,2383
读城记,0,0,4.99,3567
24 歲台灣女工程師環遊世界之旅,0,0,0,1354
7.8,16,1.99,4470369933843391321931793130309830563035
好玩集,0,0,0,5238
向着山麓的另一端,0,0,0,195
南亚行纪,7.6,17,0.99,697
东瀛散记,8.0,26,0,34491
宅在路上，寻觅小而美之店,7.8,30,0,5204
两界·阳,8.4,24,1.99,2116
春之湿原,7.8,12,1.99,535
在美国,7.6,15,0,32701
一个人的燕赵人文地理,7.2,15,1.99,2769
维以不永伤,7.8,14,0.99,1042
大陆彼端的那一年,0,0,0,4281
故乡与远方,0,0,0,13042
流淌在刀锋上的印度,8.0,157,1.99,8129
越泰柬，散落的时光碎片,8.2,195,0,31984
剑桥印象,7.8,79,0,5088
微醉在安达卢西亚：转小城至乡间,7.4,16,0.99,1302
我的漂泊,0,0,0,222
新疆旅行采访日记,0,0,0,63
穷游走遍世界,0,0,0,7622
遥远的回声,0,0,0,3
外国的月亮比较圆吗？,0,0,0,749
从北半球到南半球我都想了什么,7.2,13,0,18282
霓虹圣经・900天留日生存手册,0,0,0,519
久违的事,7.4,18,1.99,1307
跟着《美国国家地理》去旅行,0,0,0,1513
我在伦敦学占星,0,0,0,2
大话西游,0,0,0,8586
西班牙：如是我闻,0,0,0,4724
穷钓帕劳,0,0,9.80,448
免费的午餐和璀璨的厕所,8.0,34,0,61431
不为没意义的旅行出发,7.4,14,0,1362
欧游行记：从斯堪的纳维亚到巴伐利亚,0,0,0,748
中环以外的香港,7.6,43,0,19280
中土世界漂流记,7.4,33,0,4801
四城记：在城市晃荡,6.8,17,0.99,1359
那些城市那些人,7.4,11,0,10841
青岛建筑纪闻,7.2,16,0,676
素手拈花,0,0,0,1969
果阿，最后的嬉皮港,8.4,72,1.99,4284
在美国开车,7.2,53,1.99,27551
永恒不比片刻长,7.6,12,2.99,3030
美国，薄三郎都干啥了,7.0,11,2.99,1149
走，去看文化混搭的印度,0,0,2.99,1146
旅行故事·再讲,8.6,64,1.99,5381
不在东方，不在西方，只在伊斯兰,7.4,12,1.99,1022
越南：慢时光里的慢生活,7.6,16,1.99,2560
小轩窗,7.4,34,1.99,1256
门阀与阶级,7.2,23,1.99,930
我们终将在路上相遇,7.2,15,0,23766
暹罗的温度（下）,8.4,19,1.99,1254
新西兰的故事,7.0,30,1.99,2265
手牵着手我俩，在这个罗马的五月早晨,0,0,0.99,291
我在日本的一年,0,0,0,259
9.0,38,2.99,8029645262581700136113511342122613301220
冰岛日记,8.2,134,1.99,10068
艺术的朝圣路,0,0,0.99,1474
相逢知几时,0,0,1.99,134
尧耳旅行札记,0,0,0.99,567
路人甲（精选）,0,0,1.99,174
埃及旅行笔记,8.0,105,0,16075
流浪日记补,0,0,1.99,185
尧耳旅行札记,0,0,0.99,567
步履不停·香港漂流杂记,7.2,26,2.99,4363
四顿早餐和一个POSE,0,0,1.99,851
日升孟加拉湾，日落阿拉伯海,8.6,55,1.99,7651
一个人的马可波罗,7.2,12,3.99,1377
带一本书去西伯利亚,7.4,14,3.99,5432
天边心语,8.2,19,4.99,6463
地中海式气候天,8.2,72,2.99,12223
世界那么大，我不想去看了,7.4,14,1.99,2085
西班牙边走边画,0,0,1.99,1417
中南半岛行修,0,0,3.99,1092
蝴蝶游记·第一辑,0,0,0.99,781
这么多个太阳,0,0,2.99,907
从前车马邮件慢,8.0,30,1.99,1927
在岛屿上漫游,0,0,1.99,770
重返伦敦，它就和电影里一样,7.6,14,0.99,900
日本行脚,7.6,41,1.99,10718
我和新西兰有个约会,7.8,28,0,44655
失路之人,0,0,0,25192
城市有味道,0,0,1.99,984
古早味，台湾味,7.6,65,1.99,10540
巴黎斯坦冒险记,7.6,11,0,29252
穷小子的百万邮轮梦,7.6,19,4.99,4280
北美徒步记,7.2,20,1.99,3207
猫国猫城,0,0,0,61794
拾荒集,0,0,0,5430
南格拉摩根郡的乡村生活,0,0,0,126
我人生中最奇妙的旅行,7.6,101,0.99,6445
0.99,1061872799281189154176131125175
你们有钱人真会玩,0,0,0,1406
看得见的叙利亚,0,0,1.99,340
从萨德街到萨德街,0,0,0,926
看不见的旅行,0,0,1.99,276
昨夜风月清，梦到西湖上,0,0,0,13408
走着，瞧,0,0,0.99,162
庙堂之高,7.0,20,1.99,860
孕妈手记一：挺着大肚去远方,0,0,0,5
我和我的波西米亚岁月,0,0,0,447
你好，台湾！ 再见，台湾！,0,0,0,479
第二乡的死亡,0,0,0,42
逆旅记游,7.2,13,2.99,642
大隐·中隐,7.8,21,1.99,669
且行且走,0,0,0,1490
0.99,346225247229185192545290245201
泰国生活杂记,0,0,0,5136
旅途中的人和事,0,0,0,36065
海蛎子的味儿,7.6,36,0.99,1358
96年巨蟹座女生独自环游世界ing,0,0,0,51
一城一记,0,0,0,4946
北京奥临足球队日本行,0,0,0,4
就这样陪着你慢慢长大,0,0,0,917
墨尔，本不寂寞,0,0,0,6652
浙东唐诗之路上的古庙群,8.4,22,0,34618
旅人星球,0,0,0,734
燈百姿,8.2,24,1.99,723
城市印象,0,0,0.99,808
纽约奇闻,0,0,0,1975
斯京慢时光,0,0,0,2424
只想做让自己高兴的事,0,0,0,37
7.8,15,6.99,139411801024929899861835868775795
高跟鞋走地球,0,0,0,23
我在玻利维亚,0,0,0,261
只有导游才知道,0,0,0,2174
我的目的地在铁路上,0,0,1.99,476
他们，为什么旅行？,0,0,1.99,1577
3.33,53445137836228625437335290169
我和全小狗的拼图式旅行,7.6,50,1.99,5160
游学欧罗巴,0,0,0,5498
大香港之小情小趣,0,0,0,11959
游之阙如,0,0,0,1879
Istanbul，上城去,7.2,70,0.99,3334
小酒馆里的伦敦,0,0,0,34
交换生手记,0,0,0,6913
2.00,301234247233216211208212202208
City of Angels,6.8,13,0,6343
美洲东西一万里,0,0,0,558
只身在新大陆漂移,0,0,0,1027
我读,0,0,0,22
蝉鸣在普罗旺斯,0,0,0,187
从欧洲结束的地方到亚洲的开端,0,0,1.99,350
工作太苦逼，去旅行吧,6.8,25,2.99,2427
逍遥游,0,0,0,530
隔世，以丽江之名,0,0,4.99,1165
把欧洲刻在生命线上,0,0,0,3048
小大理,0,0,0,155
跑在我脑子里的文字想要把它踢出去,0,0,0,53
秘境,0,0,0,934
一人游,0,0,0,3857
精明常旅客,0,0,0,3606
在世界流浪是最好的青春,0,0,0,165
泽西海岸,7.8,11,0,11083
一次肤浅的日本旅行,0,0,0,447
乐城记,0,0,0,378
游方僧,0,0,0,2810
暴走世界·下,0,0,1.99,28
最后一公里,0,0,0,22
单行线——逆行,0,0,0,105
小大理,0,0,0,155
西行漫记,0,0,0,937
撒哈拉札记,0,0,0,3761
秘境,0,0,0,934
光影笔记,0,0,0,336
旅行札记,0,0,0,1385
在世界流浪是最好的青春,0,0,0,165
美洲东西一万里,0,0,0,558
世界这个大染缸,7.4,15,0,44343
流浪集,8.4,32,0,9980
我在毛里求斯,0,0,0,4705
行人,0,0,0,714
巨蟹少年岛屿日志,0,0,0,700
冬日漫记,0,0,0,154
借我一年青春，让我换个活法,0,0,0,46
Gigiila行走系列,0,0,0,30
1.99,854779746263209252177191249192
间隔年去西部,0,0,0,94
光线笔记,0,0,0,289
绿城无事,0,0,0,2657
小不列颠的故事,8.2,19,0,23960
大不列颠流浪记,0,0,0,36
云深不知处,0,0,0,3064
上帝之城,7.4,22,1.99,911
一周奧克蘭只要3300 願意說走就走嗎?,0,0,0,1730
暴走世界·上,0,0,1.99,203
一个人的旅行,0,0,0,6
美国游记,0,0,0,148
孩子旅行记,0,0,0,795
在5883弄,0,0,0,25
东京喫茶手帖,8.6,108,0,13999
孤星症候群,8.4,16,0,14888
闲步东瀛之横滨,0,0,0,121
我在斯里兰卡当岛民,0,0,0,1381
七月云南,0,0,1.99,785
手绘台湾旅行日和,8.4,60,0,55450
游春图,0,0,0,2265
巴厘记事,0,0,0,164
隔世，以丽江之名,0,0,0,11226
旅行与晃荡,0,0,0,399
少年行,0,0,0,1155
间隔年之旅：大鹏悠悠行,7.6,32,0,6629
7.4,12,8146688265166214498383282235240261
天堂的原乡,0,0,0,177
胡言乱语切莫较真,0,0,0,8
私语者,0,0,0,255
路易斯和安娜,0,0,0,13043
蒙古包跳岛：从这包到那包,0,0,0,1296
那些年，我们一起去的地方,0,0,0,12573
北欧观察笔记,8.4,28,0,29249
看不见的西藏,0,0,0,83
凤凰花落之随笔,0,0,0,78
胶卷人像摄影,0,0,0,243
向青海湖进发,0,0,0,782
走走走,0,0,1.99,460
在场,0,0,0,415
牧洋人,0,0,0,17347
一个人在这星球闲逛,0,0,0,247
在旅行里，遇见昨日,0,0,0,104
藏地路上：穿越藏地生死线寻秘香巴拉,0,0,0,88
亚欧非环游记,0,0,0,203
我在欧洲逛博物馆,0,0,0,3880
在欧洲游历,0,0,0,1077
湾湾，我想对你说,0,0,2.99,1920
远在远方的风,0,0,0,2710
礼拜,0,0,0,258
落花人独立，微雨燕双飞,0,0,0,18
烟雨中,8.2,25,1.99,1966
俗世国教堂,0,0,0,1233
8.0,17,4.00,29602508206331071849189723212429398427
走一遍地狱，心才够得到天堂,0,0,0,170
Michael的纵使相逢应不识,0,0,0,30
东京，文艺的盛宴,7.2,48,0.99,3783
堡，所以保民也,7.2,17,1.99,505
间隔年才不是阿司匹林,0,0,0,1113
散漫行迹,0,0,0,25
一个60后的真实人生【第三部】,0,0,0,9309
那些旅行中的回忆,0,0,0,427
你也去过那里吗？,0,0,0,3607
中东行纪,6.8,30,1.99,1281
边城行纪,0,0,0,2229
冬天去西班牙晒雨,0,0,0,5365
一个人的欧罗巴,7.2,18,0,46028
品酒室故事，也用美食,0,0,0,519
书影/旅行/在路上！,0,0,0,66
走在路上的世界观,0,0,0,192
房车教室,0,0,0,13
她旅行,0,0,0,6224
钩形转弯咖啡馆,0,0,0,116
藏行纪,6.8,17,0.99,1796
你需要随心所欲去漫游,0,0,0,1927
治疗思乡病的偏方,8.2,14,0,15437
爱上一座城,0,0,0,22
肉脚登山客,0,0,0,3692
跟团走四方,0,0,0,16
不向生活低头，那就碰破头的流浪记,0,0,0,2
30岁以后的行走记录,0,0,0,655
3.99,2952242121521020520501928
泡菜国猎奇记,7.6,19,0,8933
莫问天涯远,0,0,0,1745
一个人的朝圣路,0,0,0,622
不见不亲,0,0,0,61777
关于世界的印象,0,0,0,1678
巴黎非浪漫史,0,0,0,44
失联在亚平宁,0,0,0,64
7.6,11,3.99,1016762723679680126683670669659
千里寻茶路,0,0,0,4355
奇葩旅行者,7.6,18,0,37666
徘徊于网络边缘,0,0,0,1
旅行行不行,0,0,0,1760
沉默的旅途,0,0,1.99,795
生姜小姐,0,0,0,4350
跟团走四方,0,0,0,27
3.99,434103065455952153157465321451
1.99,884791714711139144106145112142
青森乡野纪行,7.2,11,0.99,410
2006蜀川十记（浮生一梦了无痕）,0,0,0,20
触而可及,0,0,0,2406
漂留美利坚,0,0,0,3100
旅途的边界,0,0,0,2629
逐水而居,0,0,0,5344
爱尔兰Vision·奥地利UM·酒店军团,0,0,1.99,553
致我游历四海的心,0,0,0,351
比利时漫游日记,0,0,0,1504
卑尔根故事,0,0,0,2156
乐途录,0,0,0,34
博物称华,7.4,17,1.99,853
《冷冷的佛系游记》,0,0,0,6
云中漫步,0,0,0,29
泰国居行笔记,0,0,0,404
4.99,261024402424169299147140225131142
在长沙,0,0,0,228
去追，趁我还有梦,0,0,0,332
我的旅途里有一段故事属于你,0,0,0,36159
欧亚大陆上的足迹,0,0,0,47
我个人的蒙大拿,7.2,28,0,1214
台北轻旅行,6.8,33,1.99,2710
偶遇的故事,0,0,0,5052
陕西行记,0,0,0,30
加拿大移民录,0,0,0,75
九月夜晚的诗歌幻想,0,0,0,10
诗和远方,0,0,0,9844
氤氲在心底的欧洲,0,0,0,2616
带着孩子去户外,0,0,0,23
东京的九种打开方式,9.2,25,0,4009
融入美利坚,0,0,0,268
Good Girls Go to Heaven ,0,0,0,13303
1049873787727572818472571
足球之上，梦想之间,0,0,0,1611
东京穴场神游记,0,0,0,211
飞行者日记,0,0,0,232
槐花开北国,0,0,0,34
EPL旅行进化论,0,0,0,40696
书剧员,0,0,0,628
雕虫·雕龙,7.6,14,1.99,430
布时光,8.4,21,3.99,1450
温哥华精选100处必游景点,0,0,0,141
我在广州的每一个周末,0,0,0,1397
只有记忆不会变老,7.8,13,2.99,1676
骑舞在荒野,0,0,0,22052
在欧洲流浪,0,0,0,14960
在大学出行,0,0,0,31
种子,0,0,0,82
东行散记,0,0,0,52
飞跃格子间,0,0,0,2294
麦克船长去航海,0,0,0,129
逃跑到南美,0,0,0,58944
2.00,1451111061101081086611
东京的细节,0,0,0,1196
英国留学日记：从威尔士到伦敦,0,0,0,48
乌有乡,7.2,23,2.99,2255
南山陲,8.6,24,1.99,1737
旅行摄影那些事,0,0,0,111
大道·狭斜,7.8,17,1.99,679
踏上它，就像拥入一个柔美的怀抱,0,0,0,3937
咖啡猴的美食实验室,0,0,0,26
远行,0,0,0,8221
自有寂静欢喜,0,0,0,36
流浪在美国,0,0,0,1525
亲爱的车轮,0,0,0,1933
加加之旅(二),0,0,0,204
失业了，去旅行：搭车•搭讪•搭伴（西藏篇）下,8.0,12,1.99,1783
海湾慢游记,0,0,0,541
人间世,0,0,0,55
离开上海100天,0,0,0,92
本州之南，九州之北,8.2,228,0,20104
留点时间去旅行,0,0,0,200
城市公园（植物园）微旅行（上海）,0,0,0,48
在路上，我喜欢这样的自己。,0,0,0,26
32岁开始的间隔年,6.2,41,0.99,4558
城市手记,0,0,0,109
从德意志到美利坚,0,0,0,147
心在印度，没有急的必要,0,0,0,5918
温柔的喀什葛尔,0,0,0,1522
泰国旅行指南,8.0,21,0,12895
262922721955283110747111596127
京都的多面体,0,0,1.99,1184
浪在澳洲这一年,0,0,0,33
西班牙行旅,0,0,0,958
走走看看,0,0,0,1207
40440134189334038383337
你的世界我来过,0,0,0,859
王妈妈的旅行意见,0,0,0,1917
朝圣，我的摩托之旅,7.8,12,0,297
小樱的行走日记,0,0,0,88
我在埃文斯顿过日子,0,0,0,8625
既沉默，又骚动,0,0,0.00,1653
马塞马拉的狮子,0,0,0,515
重庆旅记,0,0,0,429
旅行，让我们变得更好,0,0,0,6989
踏上美国西部,7.4,49,0,5045
美吖漫行记,0,0,0,77
离天堂最近的夏天,0,0,0,203
你要的，背包旅行,7.6,11,0,655
我愿葬身此地,8.4,39,1.99,2524
一脚踏进爪哇国,0,0,0,2957
人人适合在法国变老,0,0,0,12741
