春秋战国：一段你应了解的历史（第三卷）,9.6,186,5.00,32893
剩唐（二）,9.4,232,1.99,16096
希腊波斯战争史,0,0,0,116
上海LGBT采访录,9.0,215,0,45930
中日之间：萌与硬——倭国时代的日本,0,0,0.00,252
天涯共此时（上）,9.4,68,1.99,1.99,38358
永远的丁丁与昨日世界,0,0,0.00,260
我这一生,9.6,370,4.99,4.99,65297
形婚记,7.8,635,1.99,35774
春秋战国：一段你应了解的历史（第一卷）,9.4,297,12.00,191805
春秋战国：一段你应了解的历史（第四卷）,9.6,203,6.00,49698
生死不离,9.6,218,1.99,16539
勘破封神,7.8,15,5.00,3580
中日之间：蒙元逆袭日本,0,0,0.00,663
她的国,7.6,583,0,32621
剩唐（一）,9.4,416,1.99,79059
北欧神话：诸神篇,0,0,0,1259
不能奋身一跃,8.0,354,0,49464
两晋风云（一）,9.0,525,0,66418
中日之间：日本朝贡之路与大明朝倭患,0,0,0.00,390
天朝上国的迷梦（上）,9.4,55,1.99,24160
剩唐（六）,9.6,173,1.99,8922
亚热带雨林的一千零一夜,9.2,793,1.99,39180
高卢战记,0,0,4.99,2499
春秋战国：一段你应了解的历史（第二卷）,9.4,200,5.00,38013
三国风云（上）,0,0,5.00,3841
中日史上这些事！,0,0,0,113
两晋风云（二）,9.4,225,0.99,28869
天涯共此时（下）,9.6,43,1.99,1.99,16357
瀑布河惨案,0,0,0,15
五代十国的枭雄们 2：枭雄的盛宴,9.2,69,3.99,15702
五胡灾：汉民族的第一次亡种之灾,0,0,0,1698
明代一起奸杀案所引发的风波,7.0,235,0,11969
巴勃罗·埃斯科瓦尔：哥伦比亚毒王的沉浮人生,8.0,14,2.99,2600
天朝上国的迷梦（中）,9.4,16,1.99,5450
微历史：汉朝真的这么有料（一）,8.6,215,0,41873
五代十国的枭雄们 1：满城尽带黄金甲,8.8,97,3.99,22537
我叫徐沪生,7.6,52,2.99,8483
一个性工作者的自我修养,7.4,299,1.99,45668
五代十国的枭雄们 7：黎明的曙光,9.8,49,3.99,11834
找寻真实的民国（卷三：安内攘外）,0,0,6.99,3292
微历史：明清就是这样有料（一）,8.2,990,0,116222
两晋风云（四）,9.6,81,0.99,14320
你绝对不知道的美国独立秘史,8.0,23,5.99,3430
找寻真实的民国（卷二：党国统一）,0,0,6.99,3407
《全球概览》,0,0,0,8
微历史：汉朝真的这么有料（二）,8.0,38,1.99,3648
勇气与真意,9.4,652,0,54321
罪案现场,8.6,31,0,26095
我在这世上太孤独,9.4,103,0,218781
五代十国的枭雄们 6：城头变幻大王旗,9.6,43,3.99,8997
论迫害者之死,0,0,1.99,991
风雷激荡南北朝,9.0,34,1.99,4454
此地一为别，孤蓬万里征,9.2,137,1.99,5590
野史笑翻天Ⅲ,7.6,16,1.99,2020
剩唐（四）,9.4,165,1.99,13733
历史的足迹,9.4,36,3.99,18543
贪欲、权力、金钱,6.8,19,1.99,1904
剩唐（三）,9.4,175,1.99,14591
微历史：旁观西汉历史四则,8.6,156,0,17589
江湖旧事录,0,0,0,1751
山海关,0,0,1.99,336
从河南到台湾,0,0,4.99,711
沈从文的昆明岁月,0,0,1.99,1023
退无可退,8.8,121,0,15755
五代十国的枭雄们 8： 前蜀风云,9.8,23,3.99,4363
宋史其实很有趣：如此帝王伤不起,7.0,11,0.99,3037
三国风云（下）,0,0,5.00,2341
五代十国的枭雄们 5：沙陀的皇朝,9.4,46,3.99,10736
《三国演义》细细聊,8.0,21,0,41973
剩唐（五）,9.6,135,1.99,10543
递罪,0,0,7.99,2898
北大荒的知青故事,8.6,19,0,25069
两晋风云（五）,9.4,73,0.99,12779
五代十国的枭雄们 3：梁晋的角逐,9.4,58,3.99,12735
权谋背后的真三国：谋士论策篇,7.8,25,0.99,3238
半部红楼半世风流,8.0,68,1.99,10429
假若穿越到明朝（上）,0,0,1.99,1810
高氏情史,0,0,0,2019
心理系,8.0,23,0,49795
少儿英国史（中文版）,0,0,2.99,1794
中国大飞机决策内幕,7.2,11,1.99,2250
五代十国的枭雄们 4：亚子的逆袭,9.2,64,3.99,11965
权谋背后的真三国：名将风采篇,8.0,31,0.99,3695
欧洲货币史话写真录,0,0,0,1390
揭秘古代真实历史上武功最牛的人,0,0,0,6
成都万婴之母,0,0,4.99,1488
红了春秋，绿了战国,0,0,4.99,1936
计生专干,7.4,18,2.99,1963
远方的沉樱,0,0,1.99,269
魏晋南北朝那些文人们,0,0,0,2353
解密1937,0,0,6.99,2293
假若穿越到明朝（下）,0,0,1.99,479
少儿英国史（中英对照版）,0,0,2.99,1855
萨尔温江旧梦,9.0,59,1.99,2733
我的维和 ,0,0,1.99,300
《战国大名武田氏的战争与内政》,0,0,0,79
室町末年及安土桃山时期日本知名人物概说,0,0,0,71
抗战第一名将：薛岳,0,0,9.99,2450
君莫舞,8.6,48,0.99,2089
当明朝的官很累,0,0,2.99,786
九龙十二钗之雍正失头记 1,7.4,12,1.99,1785
英伦王朝宫斗记,8.0,12,0,37707
汉匈战争三百年,7.4,14,1.99,2033
九龙十二钗之雍正失头记 7,0,0,2.99,364
声音•岁月,0,0,1.99,397
宋史其实很有趣：三千佳丽一台戏,7.2,19,0.99,2514
妈妈,9.0,68,1.99,5827
微历史：汉朝真的这么有料（四）,8.0,15,1.99,1244
地球往事——纪录片中的感人故事,0,0,0,170
龙队,0,0,1.99,563
中国军神孙立人（卷一）,7.4,11,9.99,5303
东莞：工人、小姐与乞丐,7.2,215,1.99,35737
彼岸花开：东瀛日本的上下三千年,0,0,0,1607
九龙十二钗之雍正失头记 5,0,0,1.99,219
王阳明心传,0,0,6.99,2988
女唐,0,0,0.99,796
权谋背后的真三国：曹刘争锋篇,8.0,19,0.99,1282
永远的丁丁与昨日世界,0,0,0,2361
民国的那些才女佳人,0,0,0,9
有清-太祖努尔哈赤,0,0,0,35
国内旅行非正常指南,0,0,0,41807
如何通过“耶稣镜片”来读圣经,0,0,0,78
添枝加叶白话版资治通鉴,0,0,0,841
不要吻，要刺——民国女子物语,0,0,0,15
我的德国生涯系列,0,0,0,1947
于无所希望中得救：阿尔茨海默者爱情史,7.2,18,0,626
先秦性格诸子,0,0,0,2549
九龙十二钗之雍正失头记 2,0,0,1.99,880
史海遗珠,0,0,0,417
宗教改革还重要吗？,0,0,0,214
皇明兴国纪（第二部）,0,0,8.99,439
一个60后的真实人生【第二部】,0,0,0,13475
"新文化"运动,0,0,0,82
嵇康之死,7.8,27,1.99,3206
我抓住了两个世界——姜广平教育叙事,0,0,0,616
三国小人物传,0,0,0,117
吕律：一个北京德语老师的生活感悟（一）,0,0,0,307
我的外公外婆,0,0,1.99,241
大地无声——豫东南乡土笔记,0,0,0,799
宋史疑云（南宋卷）,0,0,0.99,972
从姓名说中国历史,0,0,0,165
宋史疑云（北宋卷）,0,0,0.99,1211
赶花会,8.6,36,1.99,3257
顾事未有尽头,0,0,3.00,723
当时明月在,0,0,0,798
九龙十二钗之雍正失头记 6,0,0,1.99,225
如是说,0,0,0,29
明朝中前期的盛世与帝王们,7.4,13,1.99,1717
上海滩皇后：胡蝶小传,0,0,0.99,462
换肾笔记,8.2,19,1.99,1759
微历史：明清就是这样有料（二）,8.4,37,1.99,4479
草稿中国：一些速朽的事物,0,0,0.99,158
欧亚大史记：全球文明的风云变幻,0,0,0,95
两晋风云（三）,9.4,136,0.99,18505
朱元璋新传（卷二）,0,0,6.99,905
天子爱风流,0,0,4.99,438
说来话长：1894——1949中国微战场,0,0,1.99,508
我的德国生涯,0,0,1.99,2159
汉宫往事（第一卷）,0,0,0.99,305
国内精简生活——省钱之道,0,0,0,49
黑脸小史：曹操的权谋人生,6.8,16,0.99,2263
北洋大时代的生存智慧,0,0,0,219
权谋背后的真三国：群雄逐鹿篇,0,0,0.99,1040
微历史：汉朝真的这么有料（三）,7.6,12,1.99,2276
胡天黑帝,0,0,0.99,648
遥远的翼声,0,0,1.99,169
关于哈尔滨的零星历史碎片,7.4,26,1.99,1734
九龙十二钗之雍正失头记 3,0,0,1.99,407
这才是日本史,0,0,5.99,4272
项羽和刘邦：命运交错的对位曲,0,0,2.99,743
万叶恋歌,0,0,0,1753
阮玲玉：所有人都是凶手,7.8,14,0.99,917
九龙十二钗之雍正失头记 4,0,0,1.99,216
车头灯不亮,0,0,1.99,250
吕律：我的德国生涯系列（续）,0,0,0,45
权谋背后的真三国：美女柔情篇,7.6,11,0.99,1402
春秋争霸不容易,0,0,1.99,1358
《从零开史》,0,0,0,719
17个锡安主义思想先驱的肖像,0,0,0,87
吕律：一个没有孩子的“孩子王”的前半生,0,0,0,24
王老师的支教纪实,0,0,0,16
自古名人都不贱,0,0,0,181
隔壁的上海人,0,0,0,201
历史的地震—中国地震小史,0,0,0,57
亡灵书,0,0,0,130
蒙古小史—从蛮荒到二十一世纪,0,0,0,921
清朝趣闻,0,0,0,438
没想到你是这样的XXX,0,0,0,392
我的自传,0,0,0,225
家谱编修指南与答问,0,0,0,32
城南旧忆,0,0,0,188
战神是这样炼成的,0,0,0,220
残花,0,0,0,26
青苹果,0,0,1.99,241
少儿法国史,0,0,0,112
足迹·心迹（两宋人物小传）,0,0,0,89
大揭秘：民国第一劫案,0,0,0,817
悠悠北京城文化趣谈,0,0,0,29
慕浅要回忆簿,0,0,0,11
人间散记,0,0,0,70
寂寞的阁楼,0,0,0.99,197
共和国大典,0,0,0,22
金融投资史,0,0,0,148
野史笑翻天Ⅳ,7.2,13,1.99,2044
明末那些事儿,0,0,0,39
藏二代，与太阳为邻的孩子,0,0,0,477
家谱与寻根,0,0,0,29
微历史：明清就是这样有料（三）,7.4,20,0.99,1881
西方性格思想者,0,0,0,65
闲聊,0,0,0,7
朱元璋新传（卷一）,0,0,6.99,1309
舅舅的随笔,0,0,0,5
职场上，懂得这些技巧，升职加薪并不难,0,0,0,99
母亲的一生回忆录,0,0,0,45
有些人/事，不该被忘记,0,0,0,162
一个60后的真实人生【第四部】,0,0,0,3461
梅林的曼陀罗,7.6,16,5.99,1877
人杰地灵的笔架山,0,0,0,8659
烽火三十年：北洋，从源起到覆灭,0,0,0,203
大学纪事（2014）,0,0,0,17
墨染流年，丰盈了岁月,0,0,0,817
月隐集,0,0,0,75
死生契阔 与子成说,0,0,0,135
观我生·北朝人物考,0,0,0,1406
谁成就了日本惯偷袭的“美名”,0,0,0,528
风雪盈门有佳花,0,0,0,377
晚明长恨歌,0,0,0,14
和世界聊聊天,0,0,0,1006
漫漫写作路,0,0,0,17
陈焜作品集,0,0,0,1047
路标,0,0,0,20
黑社会2,0,0,0,42
法国大革命的前夜,7.6,11,4.99,3878
清朝那些罪,0,0,0,568
黑社会2,0,0,0,47
四海遗珍,0,0,1.99,443
七张中国商人的肖像,7.0,27,1.99,768
中国军神孙立人（卷二）,0,0,4.99,4.99,1482
脑洞外星人,0,0,0,12
古史舆地图说,0,0,0,290
怪谈世界史,0,0,0,71
精分人生三部曲,0,0,0,605
来自地方检察官办公室的重案实录,0,0,5.99,265
外国人在中国,0,0,0,245
无人纪念,0,0,0,83
穿越时空来看你,0,0,0,407
时光乱炖,0,0,0,24
一个军阀的抗战,0,0,0,100
历史的烟尘,0,0,0,210
恋春秋,0,0,0,124
战国那些变革与精英们,0,0,1.99,718
云游记,0,0,0,10
历史人文,0,0,0,57
高考零分作文作者传（二）,0,0,0,126
岁月的风声,0,0,1.99,418
四海遗珍,0,0,0,1596
卦事奇谈,0,0,0,436
《洒家之言》——看不清世界的我想睁眼,0,0,0,16
旅顺物语,0,0,0,194
电器日阅读,0,0,0,17
往事从未走远,0,0,0,2543
承德道31号,0,0,0,1359
风流民国,0,0,1.99,1556
诗酒人生须尽歌,0,0,0,317
旅途行记,0,0,0,31
《中国书法史》笔记,0,0,0,98
尘境心影录,0,0,0,4377
衙门口,0,0,0,71
隋唐英雄史话,0,0,0,806
西北叙事,0,0,0,387
0,0,0,0,52
不尽长江,0,0,0,2518
倦客梦醒红尘事,7.4,21,0,2691
伊斯兰：从古到今,0,0,0,1480
大道无形,0,0,0,35
白云寺奇传,0,0,0,18
菩提路，散散步,0,0,0,27
非鱼,0,0,0,142
十国简史,0,0,0,261
一狼千羊——汉匈百年战略博弈史,0,0,0,68
无题系列,0,0,0,31
三国回忆录,0,0,0,508
小时候,0,0,0,6
明皇与杨妃,0,0,0,460
小镇故事系列,0,0,0,19
“你不知道和你想知道的”中国特色科幻集合,0,0,0,27
大话诗游,0,0,0,4
这12种病，当过兵的都有，你中枪没有？,0,0,0,47
扶贫十年,0,0,0,1553
旅行学英语,0,0,0,185
一个中东的农民会从浪子的故事里看到什么？,0,0,0,100
极简刘备创业史,0,0,1.99,1258
历史中的男人们,0,0,3.99,1869
大商业时代,0,0,2.99,283
从记11年,0,0,0,32
绮女传,0,0,0,33
裕仁1945,0,0,0,103
那些发生在整形科的事,0,0,0,308
霹雳将军,0,0,0,495
泥古丁乱弹,0,0,0,317
舅舅的随笔,0,0,0,11
折戟沉沙奇女子,0,0,0,99
家·故乡,0,0,0,1950
高考零分作文作者传（一）,0,0,0,309
