正解：从写作文到写作,8.8,67,0,351119
摄影与Photoshop,9.6,87,0,41510
跳槽使用手册,8.8,190,0,246502
英语笔译圣经,0,0,0,5892
南下打工记,9.0,313,5.99,38322
创业杂记,9.6,35,0,18969
金融市场之群魔乱舞,9.6,39,0,9401
诊余集,8.0,67,0.99,5412
白事会,9.0,6269,1.99,305972
凡人皆有一死,9.4,2185,1.99,102416
从零开始学 Python,7.2,33,9.90,28112
职场，你懂的,8.8,93,0,153112
三天学会写歌,7.0,238,0.99,62556
职场辩证法,9.6,58,0,240534
你可能不知道的金融知识,8.8,223,0,189272
一课经济学,8.6,432,0,108667
文艺青年如何赚稿费,8.8,351,0,456588
译海无边,9.2,57,0,41291
硅爱小札,9.4,65,0,114034
迷踪写作教室：从零开始写小说,9.6,108,0,126844
妇产科的故事,9.6,660,0,1400400
你不知道的餐饮那些事,7.8,1032,1.99,53192
世界之外,9.4,44,0,46113
房·地·产：写在安家的途中,8.6,73,1.99,7410
慢成长,8.6,114,0,602326
算法能力,0,0,0,401
被封杀的青春,7.2,22,3.99,5168
总要懂些SEO,8.4,77,1.99,8879
还是职场那些事儿,8.8,57,0,57623
图解和声 基础篇,0,0,5.99,2308
Google 三年,0,0,0,8051
一小时让你学会利用“关系”找工作,0,0,1.99,541
日本企业的兴衰,8.6,39,0,20093
顺心：职场情商激活码,8.8,31,0,19362
带勺子的鸡汤,9.2,38,0,311457
白事会：第二季,9.2,1286,0,337256
8.6,201,1.99,171621605615875157941581448404627461246074623
病人虐我千百遍，我待病人如初恋,7.4,121,1.99,10578
月薪三千的你,8.8,616,0,1527804
池中垢尘,0,0,2.99,404
Entertainment in English ,6.6,19,0,16624
外贸还有这些活儿,0,0,0,9
从菜鸟到达人,8.8,75,0,26479
我的海员生活,5.6,278,1.99,7627
最好的时代,8.4,109,0,156892
园林的艺术,0,0,0,124
实习生的蜕变,8.6,752,1.99,60538
编剧人生路,9.8,30,0,8146
编剧的语法,8.8,62,0,17694
巴马科的日与夜,8.2,407,1.99,22266
PS学习教材（基础篇）,0,0,0,27
恶魔的视界,8.8,159,7.00,36775
编辑是一种病,7.6,19,3.99,2666
坐在大棚晒太阳,0,0,0,304
期货操盘手基本修养,6.4,44,2.99,6685
一个文艺青年在富士康,7.4,67,1.99,4319
甜蜜蜜,8.8,582,1.99,16467
9.0,59,1.00,3039304826773310931799719711705806
麻醉手记,8.4,24,0,4984
职场老鸟炼成记,0,0,0,12139
传媒专业留学小指南,7.4,12,0,3373
北方，南方,8.2,819,1.99,31622
我的矿工生涯,7.6,308,1.99,12972
酒店那些事,8.0,25,0,8301
媒体的自我修养,0,0,0,1787
屌丝是如何逆袭的？,0,0,0,11178
码字,0,0,0,6088
大白讲金融,0,0,0,3278
就是要做广告,9.0,54,0,41577
零渡股权,0,0,0,13
怎样成为思维导图高手,0,0,0,322
我在央企的日子,8.2,48,0.99,3697
云时代的商业模式,0,0,0,8358
非学霸的考研指南,7.8,25,0,28323
大佬与大话,8.4,117,0,6456
《学会提问》拆书系列-把知识转化成技能,7.2,71,0,2664
网课运营与推广,0,0,0,76
史律师公司法第一季,0,0,0,12
不牛逼创业者笔记,7.4,26,0,28385
张小白求职记,0,0,0,20
8.8,45,9.90,1005591108886853884158261821282277990801
南下打工记·第一部,8.2,133,1.99,8259
证券事务代表（证代）养成手册,0,0,0,582
关于公务员的一切,7.6,26,0,36440
16471503140418021410014014449110
有一种公务员长这样,7.8,50,0,61493
图解和声 进阶篇,0,0,0,3660
在北京学汉语的老外们,8.4,66,1.99,4397
实体店营销案例秘籍,0,0,0,2837
我们离义工旅行有多远,8.6,49,0,19874
就是要任性地活,8.8,31,2.99,4964
催眠、放松和心理治疗,7.4,13,1.99,5602
记录我的职业生涯：贷款人的那些事儿,0,0,0,50
我是怎样开书店的,8.2,27,0,16952
创建一个属于自己的书库,0,0,0,249
北京·十年,0,0,0,541
9.2,32,669762985823917771469307282271359
蛋糕师傅,7.2,22,1.99,2224
明式家具研习录2,0,0,0,22
初中教学记事,7.8,14,0,77387
和上司共舞,8.2,23,0,12216
一个医生的恐惧,7.6,298,1.99,11068
《从一文不名到财务自由》第一卷（连载）,0,0,0,437
SAT干货分享,0,0,0,41
平面设计提升方法与实践,0,0,0,809
微营销之入门基础篇,0,0,1.99,3367
我做业务，你做什么？ ,7.0,433,1.99,22737
早安，救助站,7.6,14,1.99,902
7.2,11,6.99,5816515451544964132210961147110610611044
中国农村改革（对话）,0,0,0,58
来自猎头的我,8.0,42,0,46999
我是写手,7.4,16,0,35950
南下打工记·第三部,9.2,24,1.99,1319
行动派,8.4,27,0,20432
8.4,89,1.99,106935647499244811928103266577710861007
8.0,12,0.99,15822006182617501761173416511716712624
静静看着这个世界,8.2,40,0,28416
7.8,28,8.99,16861007993271224109494159702650147607278
大外企小前台,7.4,571,1.99,41582
工人与赞美诗,7.6,14,1.99,965
S小姐营销讲堂,7.2,36,0,263258
求职胜经30条,6.6,25,2.99,2400
书商心中有首诗,0,0,0,814
思维导图观点集,0,0,0,70
小大夫,8.2,56,1.99,3098
画廊梦游记,8.4,361,1.99,14651
永远狙击强势股,0,0,0,219
创业，一条不归路,0,0,0,1126
零成本网络创业赚钱,7.8,17,0,2065
7.0,13,1.90,5468435639491075872841817799766905
从〇到一，摸透IPFS,0,0,0,52
恶魔的视界 II,9.4,56,2.99,5235
由浅入浅认识资产证券化,0,0,0,62
卑微而艰辛的人生,0,0,0,71826
用戴明博士的十四要点让您的企业转型,0,0,1.99,452
出版成瘾,0,0,0,43874
拥有属于自己的赚钱机器,0,0,0,78
心理应激与孤独症,0,0,0,19
粉沫碎笔,0,0,0,8032
7.2,16,3.99,501041904070603602548591542512561
城市运营商,8.4,724,1.99,31979
巴菲特投资兵法,0,0,1.99,616
C + JSON,0,0,2.99,3246
医者人心,8.0,527,1.99,14709
触摸中医的边缘,0,0,0,4137
迷失的乡村,0,0,1.99,443
处方营养素,0,0,0,18
归来不见山,7.8,464,1.99,15359
我爱电台的日子,7.4,14,1.99,1445
南下打工记·第四部,0,0,1.99,547
8.0,90,2.99,9978955395529023878483781830176413211251
暴走大地产,8.2,24,0,89584
水浒集团人力资源管理,8.0,20,4.99,5157
巴马科的日与夜 Ⅱ,8.2,35,1.99,2213
那两年，我们义无反顾,7.2,14,1.99,636
人在江湖,0,0,0.99,545
城市化观察,0,0,0,40
1890146314163392151511099110577
英语学习真相：打破常规 ,8.0,78,16.99,20892
宝石迷,9.0,66,0,73845
创业之道：写给当代商界的年轻武士们,0,0,9.99,650
苹果记事簿,7.4,268,1.99,5288
收银夜的遐想,0,0,1.99,482
我走过的那些弯路，你们就不要走了,0,0,0,9876
我的老婆是花房姑娘,8.4,48,0,68430
我们的存在就是奇迹 ,8.8,112,0,9085
夕阳的胶片,0,0,1.99,364
人精修炼教程,8.2,38,1.99,3857
去TMD跟团游,8.2,117,0,213231
天平座咖啡馆,7.6,11,0,7008
假如电影欺骗了你,6.2,71,1.99,4043
Contexts for Creative Writing,0,0,6.99,1861
南下打工记·第二部,8.8,38,1.99,1772
就业通论,0,0,1.99,441
北京生活·家,0,0,0,9875
诶呀我趣,7.6,662,1.99,24363
测试之道,0,0,19.90,9329
视频直播行业观察,0,0,0,515
高脚杯下的光影,0,0,0,5163
不仅仅是互联网用户体验设计的吐槽,0,0,0,449
一口一口,9.4,28,0,7346
不想上班,7.4,298,0,342439
她们的世界,0,0,0,1431
商标札记,0,0,0,2688
兴隆,0,0,0,2020
7.6,20,5.00,581849144396469941049748658098313926
检察院新人养成记,0,0,0,9
我受够了数票子,7.8,96,1.99,7020
正在连线……,0,0,0,1925
1.99,825553287667711
褚娟霞,0,0,0,35
GPA低开除作弊紧急转学,0,0,0,1
蔷薇子弹,7.8,27,0,23027
美国大学被开除,0,0,0,4
教师生活趣味多,0,0,0,130
为什么我晋升不到公司高层,0,0,0,558
化妆师如何包装自己,0,0,0,16170
我给上市公司做公关,0,0,0,293
变形记,7.0,596,1.99,24455
写作的密码,0,0,0,318
师弟，我是你师姐啊,0,0,0,703
美国紧急转学流程,0,0,0,6
职场游记,7.2,23,1.99,2389
0.99,54647044644160493248
紧急转学,0,0,0,1
出版我说,0,0,0,4648
创业狗日记,0,0,0,81
獅子山上,0,0,0,1427
愿我途经你的落幕,9.4,124,0,49029
乱谈录——圈子人物访谈,7.0,15,0,69085
作弊开除,0,0,0,5
王冰,0,0,0,198
地方交易场所商品现货交易纠纷诉讼指南,0,0,0,33
浪潮,0,0,0,389
我在基层的日子,0,0,0,30
美国大学紧急转学,0,0,0,11
产品思考笔记,0,0,0,1289
2.99,253226191195158149134133134126
后厨,7.0,17,1.99,1000
在雪上疯,0,0,0,3177
股市戎马披荆斩棘,0,0,0,517
表演的世界,0,0,0,132
职场急救室,7.6,12,0,2684
2.99,6474854854614459287846974
杜小姐们的零七碎八,7.2,19,1.99,1438
悟人子弟,0,0,0,34
一只火炉的教师梦,0,0,0,788
SOHO指引,0,0,0,11139
国产编辑,0,0,0,2287
美国大学开除紧急转学,0,0,0,8
1.99,652345447309273197184160207155
在美国被大学学院开除怎么办,0,0,0,3
网赚的那些事,0,0,0,39
python语言的设计,0,0,0,189
面试小红书,0,0,0,568
职导社,0,0,0,44
我愿每个婚礼背后有爱情,8.0,16,0,9491
机关,6.2,493,1.99,19653
美国研究生被开除,0,0,0,0
云之上是有星星的,0,0,0,1707
导演日记,7.8,12,0,4127
悬崖上的巴萨（双语）,0,0,0,3382
和你一起聊精酿啤酒,0,0,0,162
美国高中紧急转学,0,0,0,8
十万个月亮,0,0,0,154
遇见一家小书店,7.6,19,0,2022
我是如何从产品经理变成一个卖菜的,0,0,0,426
美国大学转学需要什么条件,0,0,0,23
底层码农生存记,0,0,0,149
在美国留学被开除,0,0,0,1
面试达人养成记,0,0,0,13934
美国高中紧急转学,0,0,0,9
姜老师作文指导秘籍,0,0,0,121
交易大实话,0,0,0,111
菜鸟装修指南,0,0,0,564
职场困惑,0,0,0,5
人在江湖,0,0,0,18582
北美托福面授答案,0,0,0,134
艰难的旅途,0,0,0,221
职场“小弟”花皮书,7.8,30,0,6862
走下讲台的教师,6.6,402,1.99,10956
7.4,17,5.99,49674473416943084285972871904803851
吃货买手现在与未来,0,0,0,35
2.99,157115271313452315246241248219193
7.6,26,1.00,295226172448892763606644674719605
核桃公寓创业记,0,0,0,113
高中生被美国学校开除了怎么办,0,0,0,5
马尔代夫工作日记,0,0,0,15263
被美国的学校开除应该怎么做,0,0,0,2
小法师成长记,0,0,0,939
空中楼阁,0,0,0,1230
苜蓿生涯,9.0,63,1.99,4356
113712039419958514038
上帝的病人,8.0,17,0,71799
让微信成为你的金矿,0,0,0,1348
魔都商业狗仔,0,0,0,29
我被美国大学开除了怎么办,0,0,0,4
北美雅思面授答案,0,0,0,238
苦逼国,7.8,19,0,4253
万物生长靠能量,0,0,0,29
美国大学紧急转学,0,0,0,5
谁骗走了你父母的养老钱,0,0,0,8271
GPA低开除作弊紧急转学,0,0,0,6
不像是个文化人,0,0,0,2925
我的实习感悟,0,0,0,53
绝版青春,7.4,429,1.99,10844
HR的觉醒,0,0,0,48
紧急恢复身份,0,0,0,3
平时的论文,0,0,0,24
园丁手记,8.0,367,1.99,11982
做书十日谈,7.6,14,0,13056
棱镜中的HR,0,0,0,38
美国紧急转学流程,0,0,0,5
我为什么要去美国读MBA？,0,0,0,2952
GPA低开除作弊紧急转学,0,0,0,4
日语学习,0,0,0,387
芝加哥BU大学包录取保录取,0,0,0,30
音乐早晚药你命,0,0,0,1615
留学美国紧急转学,0,0,0,6
2133193118761854185018261881196624441909
从演讲小白到演讲达人-演讲内容设计的秘诀,0,0,0,219
被美国大学开除还能回去吗,0,0,0,3
管理咨询的真相,0,0,0,30521
花最少的钱治病,0,0,0,23120
美国托福/雅思/SAT/ACT/PTE/GRE/GMAT/代考,0,0,0,221
美国留学本科被开除怎么办,0,0,0,2
以生复盘,0,0,0,30
美国紧急转学流程,0,0,0,0
地球上没有新鲜事,7.2,29,0,14340
互联网的江湖,0,0,0,167
2.99,818740713156137152418365
出差这些年,0,0,0,28113
游戏场,0,0,0,1517
脱轨的我,0,0,0,3854
健康就是资本,0,0,0,57
留学紧急转学,0,0,0,4
大二被美国大学开除怎么办,0,0,0,6
十年编导沉浮录,0,0,0,453
职场同学会,0,0,0,5723
六感创新,0,0,0,56
草原故事,0,0,0,8908
那些你自以为熟悉的老师们,8.8,71,0,43677
英伦访谈录,0,0,0,2776
左手职场，右手人生,0,0,0,7331
职理,0,0,0,1146
青春荒冢归去途,0,0,0,1864
书店，可以是全世界,8.6,59,1.99,3052
美国大学开除紧急转学,0,0,0,4
韦城,7.0,258,1.99,9890
记者聊点事儿,0,0,0,26980
交互设计,0,0,0,154
你好，养蜂人,0,0,0,10592
美国研究生紧急转学,0,0,0,5
百货公司浮生录,8.6,58,0,74854
留学美国紧急转学,0,0,0,4
书店的回声,8.4,60,0,112270
2.99,6725395221028595861018174
ASO优化,0,0,0,27
美国大学紧急转学,0,0,0,2
我做枪手那些年,7.8,26,1.99,2082
留学紧急转学,0,0,0,4
保安日记,0,0,0,227
今天，你修炼了吗？,7.4,16,0,1117
当我们谈论旅游时都在谈些什么,0,0,0,1506
美国本科生紧急转学,0,0,0,5
