听雨梧桐梦故园,8.8,110,0,15213
星,9.2,79,1.99,16951
山中的糖果,8.2,185,1.99,17591
植物忆旧集,7.6,78,1.99,11354
姐姐,8.8,1332,1.99,112759
全世界的恋我都失一遍：情爱电影随笔,0,0,0,32190
一隅,7.8,17,1.99,1585
单身,7.6,17,0.00,2672
你不许变心,8.2,23,0.99,0.99,1751
宋朝食序,8.4,22,1.99,3146
给青年诗人的信,8.8,60,1.99,9369
十个光棍、三个哑巴和一个瞎子,0,0,0.00,776
京都第五年,8.8,2052,1.99,193206
少女瘫痪笔记,9.2,922,1.99,52446
山水与日常,9.4,48,1.99,10492
眼望着北方,8.2,250,1.99,17036
窗前流水枕前书,0,0,0.00,1466
旷野风吟,0,0,4.99,3622
与抑郁患者同游,7.8,19,1.99,3856
圆桌体,8.4,39,0.00,2351
二十一岁以及我的余生,9.6,434,0,471409
佛寺石窟记,0,0,0,1420
怀旧食堂,7.6,55,1.99,8592
找鸟的笼子,8.2,70,1.99,6034
圆桌长短句,7.2,11,0.00,1479
暴力史,8.0,309,1.99,21001
自然纪事,0,0,1.99,2080
盛京四季：家门口的草木日记,8.6,244,0,22969
斫琴记,8.8,63,2.99,3132
荒途,8.6,79,0,80447
病人列传,8.4,112,1.99,11433
四季来信,7.8,21,1.99,3328
北大荒的知青故事,8.6,19,0,25069
深夜的呼吸,7.4,60,1.99,2707
不想上班，而不是不想工作,7.8,61,1.99,7897
疏篱集,8.4,24,1.99,3904
屋顶上的鱼,7.0,73,1.99,14650
浮世与记忆,9.0,42,1.99,10911
海南风物,8.2,64,0.99,5047
没有人不需要被安慰,8.2,74,2.99,13475
考研日记 南京一年,0,0,3.99,4282
蜻蜓,0,0,2.99,1967
林林总总,0,0,1.99,764
红楼梦人物详解,0,0,0,37903
年高的北京,7.0,32,0.99,7085
少年时,9.8,38,0,18801
狗和我都看了你一眼,7.4,17,1.99,3135
性别实验,7.8,132,1.99,11984
爱哭鬼的“四脚”妈妈,0,0,1.99,162
与子书,7.4,20,1.99,1555
我最终还是成为了一个悲观主义者,7.8,15,1.99,1801
我的生活是一部日剧,0,0,0,1632
大隐，隐于回忆,0,0,1.99,893
秋风飞过北京上空,9.2,24,1.99,3048
天边故人庄,9.2,75,1.99,6028
吃货的世界你不会懂,9.0,18,1.99,1368
忆猫集,8.0,12,1.99,1160
纷乱的思绪,0,0,0,49275
瓦尔登湖,8.0,23,4.99,12684
师父,7.6,27,0.99,934
风雪割喉,0,0,0.99,873
20出头的孤傲与淡漠,8.4,21,0,250821
村上的日月,0,0,1.99,535
好远的路,7.4,29,1.99,1904
吾家清供,0,0,0,81
放弃自己的一百零一种方法,7.6,283,1.99,15886
班男大作战·斗鸡,0,0,1.99,198
乜观三国,0,0,0,157
路遇幸福,0,0,1.99,556
涂家湾,9.0,30,1.99,1791
第二次童年,7.6,22,1.99,1403
懒人的生活哲学,8.0,12,0,60080
咖啡的故事,0,0,0,2356
森林笔记（一）,7.8,63,0,4504
青春是朵孤独的异域,7.4,241,1.99,2384
你那么有趣我舍不得忘记,0,0,1.99,5474
我的童年岁月,0,0,2.99,401
嘘，别出声,0,0,1.99,531
他们消失在牛市中,7.4,17,1.99,1453
天地人,0,0,1.99,146
放肆的生活,0,0,1.99,1051
TinaBai旅行手记,0,0,0,466
花满楼的九条命,8.0,33,0.99,2514
惟离别乃人生,8.2,11,1.99,1702
漫长的谢幕,8.2,140,2.99,15223
文艺咖啡馆，我把时光献给你,7.6,53,1.99,12131
在那莲花盛开的地方,7.8,92,1.99,8336
润土,7.2,20,1.99,1322
后影迷时代,0,0,0,2703
金庸十几钗,0,0,0,307
我的宿迁 四,0,0,0.99,703
凛冬将至,0,0,0,3160
现代情诗诗集,0,0,0,4089
平凡之路,0,0,1.99,301
鹿城往事,7.4,15,0.99,963
斜杠青年,0,0,0,244
关于霍乱时期的爱情,0,0,0,349
青春的八年迷彩,0,0,1.99,558
南城纪事,0,0,1.99,417
野闻录,0,0,0,630
黑氧,0,0,1.99,521
在冬天里醒来,0,0,1.99,1603
小东门平房往事,8.2,209,1.99,14803
截拳道与人生,0,0,1.99,931
他的葬礼,5.6,70,1.99,4865
请给我尊严,8.2,16,1.99,1380
水鬼,0,0,1.99,636
胖子请勿远行,0,0,1.99,648
主宰生死的我们,8.4,348,1.99,19469
黉中拾记,0,0,1.99,420
小裁缝杀恶龙救公主的烂俗故事新编,0,0,0,166
大秦岭遗稿,0,0,0,708
深夜孤独的灵魂,0,0,0,48
黑氧,0,0,0,3322
极简产品设计之道与术,0,0,0,508
凛冬将至,0,0,1.99,753
昨天的炊烟,0,0,0,2982
拙别灵,0,0,0,12751
非深度“糟蹋”古诗词,0,0,0,257
一个拧巴的悲伤者之自白 和诗,0,0,0,858
《真正成就你的，是至暗时刻的决定》,0,0,0,159
赴宴:重访巴黎文艺圣地,0,0,0,13706
考试的故事,7.4,12,0.99,395
欧城小事,0,0,0,238
丁芳散文,0,0,0,286
初探日本房产以及air bnb,0,0,0,182
感情说说,0,0,0,7
做最好的自己,0,0,0,735
风土记,0,0,0,18094
无稽人生,0,0,0,1487
月下散记,0,0,0,120
想到北歐生活就這麼可笑嗎,0,0,0,20
具象和抽象的人：诗和散文,0,0,0,263
养鸟记,7.6,23,1.99,1080
重症病房谋杀案,7.8,12,1.99,742
那年江湖路，你爱上了谁？,0,0,0,138
这个有瑕疵的世界,0,0,0,1843
凡尘交响曲,0,0,1.99,1115
尘世间,0,0,0,143
父亲躺在病床上,0,0,0.99,243
去德语国家行走,0,0,0,4211
一个人跑步,0,0,0,4243
谈天说地,0,0,0,161
老家颍河上,0,0,0,358
鸭如花,0,0,1.99,189
闲音散律 之二,0,0,0,803
水墨倾城,0,0,0,57
写给时间的诗,0,0,0,110
男人迟暮,0,0,1.99,1668
故乡谣,6.6,100,1.99,8456
塞尔维亚的味道,0,0,0,261
山村岁月,8.2,14,1.99,1381
我的婚恋曲,6.6,155,1.99,10338
各投林,0,0,0.99,287
冬天路过一个北方城市,7.6,203,0,8825
在远山，有只狐狸在炼丹,7.8,136,1.99,4566
倾听村庄的心跳,0,0,0.99,273
一条叫大头的金毛犬,7.4,17,0.99,1070
云雾里的视野心畴,0,0,4.99,48
转身,8.6,19,1.99,1313
田园散记,0,0,4.99,2190
城市里应该有一匹马,0,0,0.99,758
一生敬爱,7.8,20,1.99,1763
愿你的所有相遇都是恰逢其时,0,0,0,568
故乡在月亮升起的地方,7.8,15,4.99,3700
北方落雪南方落雪,0,0,2.99,531
我的宿迁,0,0,0.99,871
不安的村庄,7.6,11,1.99,933
稀松尘世,7.6,11,1.99,924
五官之哀,0,0,0,1791
爱与痛,0,0,1.99,337
成长的代价,0,0,0,2122
写文那些年,0,0,0,841
飞鸟廿帖,0,0,0.99,789
我的乡村,0,0,1.99,455
“她”眸——经典与影响力女性电影解读评述,0,0,0,33
地铁随笔,0,0,1.99,485
早起的鸟儿有子弹吃,0,0,1.99,214
一个人的创世纪,0,0,1.99,1112
长安烟火,0,0,1.99,841
梦到春天不来，我久久没有话说,0,0,0,28
与文字有关,0,0,1.99,345
我只写“马克吐温”那样的小故事,0,0,0,113
高级动物,0,0,1.99,377
飘如陌上尘,0,0,2.99,1297
默默陪伴,7.6,11,0.99,541
一个理想主义者的归乡路,0,0,1.99,214
三郎，你在美国都干了些什么,6.8,16,3.00,3028
青春,7.8,28,0.99,1848
古城风物,0,0,1.99,1714
这世界的热闹与我无关,0,0,0,67
被遗忘的中国乡村,0,0,1.99,608
诗意地栖居,0,0,0,14932
那些生灵,0,0,1.99,719
我的宿迁 三,0,0,0.99,447
谢谢你遇见我,0,0,3.00,691
江国，正寂寂,0,0,2.99,1171
放眼世界,0,0,0,3286
四十不惑,0,0,0,2268
喜欢一个人，会卑微到尘埃里，然后开出花来,0,0,0,88
我的口袋里，有星星，还有你,0,0,0,2417
我的宿迁 二,0,0,0.99,391
我要停车在中国,0,0,1.99,254
去德语国家行走,7.4,13,1.99,2075
我的花艺笔记,0,0,0,86
朝夕小集,0,0,0,1129
没有人给我写信,0,0,1.99,889
我有故事，你有酒吗？,0,0,0,94
南方小镇,0,0,0.99,914
我的男人住在平流层——梦的1001种可能,0,0,0,473
散文,0,0,0,117
人在草木间,0,0,2.99,668
弹·俗语,7.2,14,0.99,841
深情象牙塔——女博是这样炼成的,0,0,0,162
爱,0,0,0,164
星星撒了一地,0,0,0,180
白日梦,0,0,0,8876
亲爱的李雅雯,0,0,0,21
简读《陶俺梦忆》,0,0,0,52
少年清梦,0,0,0,138
这就是生活,0,0,0,122
深如海,0,0,0,34
文人骚客与墨客,0,0,0,23
诗酒趁年华,0,0,0,928
雨声之后,0,0,0,35
我不敢回忆过去,0,0,0,1253
如此欢乐青春,0,0,0,1271
我的前半生中,0,0,0,84
行经,0,0,0,123
伙伴们,0,0,0,82
一万首诗,0,0,0,78
T小姐的植物启示录,0,0,0,11
几生修得到梅花,0,0,0,204
一生一瞬,0,0,0,11
读书笔记,0,0,0,58
春天流放没有国籍的云朵,0,0,0,20
片语记,0,0,0,26
旅行青蛙日记,0,0,0,924
惺惺相惜结伴一程,0,0,0,152
为什么读书,0,0,0,38
23岁的下半年,0,0,0,96
游魂十五日,0,0,0,25
洛一的日记,0,0,0,9
阿根廷的二三事,0,0,0,36
请为了伟大的文学而死,0,0,0,13
素履之往,0,0,0,28
那些你们喜欢的，不喜欢的女孩,0,0,0,115
植物系故事,0,0,0,61
情感心话,0,0,0,14
蓝石头,0,0,0,29
写给你的100封情书,0,0,0,9
放眼世界,0,0,0,3286
四十不惑,0,0,0,2268
客途耳语,0,0,0,253
不畏浮生遮望眼,0,0,0,149
无论走过多少日子，有懂得，有花香便是幸福,0,0,0,49
让孤独极致,0,0,0,28
我的花艺笔记,0,0,0,86
朝夕小集,0,0,0,1129
谢谢你遇见我,0,0,3.00,691
弹·俗语,7.2,14,0.99,841
与你小说,0,0,0,4079
清醒梦,0,0,0,115
请进来我的世界稍作停留,0,0,0,99
Hi，姑娘，我记得你！,0,0,0,59
别闹，听话。,0,0,0,49
与你相识的绵长岁月,0,0,0,620
锦鲤记-短暂养猫日志,0,0,0,1244
客途耳语,0,0,0,253
不畏浮生遮望眼,0,0,0,149
有梦,0,0,0,107
致大学——花开如火也如寂寞,0,0,0,298
无论走过多少日子，有懂得，有花香便是幸福,0,0,0,49
诗旅的行囊,0,0,0,345
我的警校生涯,0,0,0,31
保研失败后,0,0,0,116
风从骊山来,0,0,0,66
心相,0,0,0,20
律动,0,0,0,150
张小北给朋友们的牢骚信,0,0,0,27
关于过去我能想到的都有关于你,0,0,0,66
月亮在积雨云之上,0,0,0,138
都市生活随笔,0,0,0,16
青春博物馆,0,0,0,26
伟大如猴子，渺小如人类。,0,0,0,59
人生之味,0,0,1.99,1048
Yuki酱与Ale喵的故事,0,0,0,34
胡闵之专栏,0,0,0,52
不，谢谢——英漂的七年,0,0,0,1563
人间就不指南编辑部,0,0,0,87
做自己的女王,0,0,0,40
kafkG微型小说连载,0,0,0,79
骨灰人儿,0,0,0,283
心窝的暖曲,0,0,0,64
孤鸟,0,0,0,96
梅子肉桂,0,0,0,32
莫不静好,0,0,0,45
北极,0,0,0,18
海南味道,0,0,0,71
哑巴河畔的村庄,0,0,0,14
一年四时,0,0,0,20
《胜诉》,0,0,0,12
安和,0,0,0,103
坤宝德传媒|杨睿|小宝影业,0,0,0,136
日本留学故事,0,0,0,21
有趣的灵魂，必然珍藏,0,0,0,67
地球之日,0,0,0,14
生活存稿,0,0,0,110
小辉辉与杨三岁,0,0,0,7
亲身经历的小城市,0,0,0,11
去一个陌生的地方,0,0,0,8
人,0,0,0,43
百态,0,0,0,37
Hi，姑娘，我记得你！,0,0,0,59
别闹，听话。,0,0,0,49
回忆是没有尽头的路,0,0,0,125
三言两语之一见,0,0,0,2060
陈焜作品集,0,0,0,1047
这些年，一些人，那些事。,0,0,0,84
我独自生活,0,0,0,83
时间狂想,0,0,0,72
惨淡人生,0,0,0,91
温暖的晚安故事,0,0,0,332
桃花俱眠，我自馥郁,0,0,0,589
复古杂谈,0,0,0,229
听风想雨,0,0,0,286
人,0,0,0,43
百态,0,0,0,37
三言两语之一见,0,0,0,2060
回忆是没有尽头的路,0,0,0,125
深夜心驰,0,0,0,416
追忆故园,0,0,0,124
这些年，一些人，那些事。,0,0,0,84
陈焜作品集,0,0,0,1047
我独自生活,0,0,0,83
草履虫之歌,0,0,0,12
惨淡人生,0,0,0,91
风中的CASTLE,0,0,0,9
温暖的晚安故事,0,0,0,332
复古杂谈,0,0,0,229
桃花俱眠，我自馥郁,0,0,0,589
樟树池塘,0,0,0,14
时间狂想,0,0,0,72
听风想雨,0,0,0,286
四季花开,0,0,0,137
非铁,0,0,0,28
一病馆,0,0,0,15
此间少年,0,0,0,1443
昙花一现只为韦陀,0,0,0,34
兔儿尾,0,0,0,9
岁时集,0,0,0,931
花犯,0,0,0,68
客栈二三事,0,0,0,159
生命的原香,0,0,1.99,969
与安然度过的3年光阴,0,0,0,2
我看过的五分之一人生,0,0,0,24
流光容易把人抛,0,0,0,98
我的1933,0,0,0.99,132
我与哲学相处的这些天,0,0,0,264
踏花归去,7.6,11,0.49,897
展纸风雅,0,0,0.99,664
写给世界的情书,0,0,0,89
文图不符,0,0,1.99,541
走走走走,0,0,0,76
不如私奔,0,0,1.99,895
春雪，融泥......,0,0,0,41
关于我爱你的臆想,0,0,0,43
距离写作的的房间差了千万条的兔子洞,0,0,0,39
风带来你的消息,0,0,0,207
把生活当成一首歌,0,0,0,17
深圳札记,0,0,0,71
蟹の壳,0,0,0,2017
小百说专栏 第一部,0,0,0,191
每个失恋的姑娘，都是一个潜力股！,0,0,0,62
走猫步的甜妞一,0,0,0,19
一些小短篇,0,0,0,27
鹜,0,0,0,50
【安心馆】——心安处，既归处！,0,0,0,337
青春只一晌，不如去远方,0,0,0,58
图里图外,0,0,0,60
18编导艺考的两个月,0,0,0,192
墨染流年，丰盈了岁月,0,0,0,817
孤独是成长茶话会里的必需品,0,0,0,567
你所谓的所谓,0,0,0,117
遇见即缘分,0,0,0,316
落城以北,0,0,0,17
风恋,0,0,0,94
青春要无悔容易可要做到无憾难哇,0,0,0,29
天堂行者,0,0,0,83
北京生活日志,0,0,0,3
食色在野,0,0,0,9
我和我的小妖们,0,0,0,224
西行散记,0,0,0,9
如何成为人上人,0,0,0,20
间隔之年,0,0,0,59
读三十首诗,0,0,0,27
漫谈文艺,0,0,0,219
现在的我,0,0,0,14
那些文人们,0,0,0,14
我住在刘庄——记我的乡居生活,0,0,0,370
眼睛想抚摸（姜广平散文选）,0,0,0,88
闲语杂谈,0,0,0,15
在旧金山的第一年,0,0,0,55
与你一起不负春光,0,0,0,90
凡人的风花雪月,0,0,0,41
兰香九州,0,0,0,35
无用的新西兰时光,0,0,0,44
墓碑里的平昔,0,0,0,26
那些貓,0,0,0.99,551
清愁录,0,0,0.99,428
灌木丛闲话,0,0,0,63
把你百无聊赖的黑夜交给我,0,0,0,6
读经典武侠 悟快乐人生,0,0,0,208
物事,0,0,0,1392
西兰花很好吃,0,0,0,94
共生关系,0,0,0,102
《年少情怀总是诗》,0,0,0,68
生活在重庆,0,0,0,134
猫的眼睛和它的爪子,0,0,0,65
一个在悉尼的中国人,0,0,0,506
忧伤的时候，就吃点甜的,7.8,13,0,50785
岁月是流淌的棉线,0,0,1.99,1803
闲庭絮语,0,0,0,101
杂烩,0,0,0,1836
乡思大理,0,0,0,953
那些貓,0,0,0.99,551
黑暗中漫舞,0,0,0,11
今日份的喜欢,0,0,0,512
往事从未走远,0,0,0,2543
不见蓝，不想念。,0,0,0,57
清愁录,0,0,0.99,428
恰此锦美华年,0,0,0,627
即兴判断,0,0,0,31
城市行者传说,0,0,0,59
当我们谈论音乐时我们在谈论什么,0,0,0,142
毁灭式治愈,0,0,0,24
想当诗人的时候,0,0,0,20
传世佳作——一个母亲的自愈疗法,0,0,0,187
君不见,0,0,0,269
梦里不知身是客,0,0,0,238
26岁人生·男,0,0,0,40
修行,0,0,0,103
北方有个村庄,0,0,0,41
蹩脚哲学家梦游仙境,0,0,0,115
共生关系,0,0,0,102
《年少情怀总是诗》,0,0,0,68
生活在重庆,0,0,0,134
花之惑,0,0,0,58
猫的眼睛和它的爪子,0,0,0,65
杂烩,0,0,0,1836
未青,0,0,0,325
往事从未走远,0,0,0,2543
闲庭絮语,0,0,0,101
不见蓝，不想念。,0,0,0,57
浅记流年 漫记,0,0,0,22
一个在悉尼的中国人,0,0,0,506
西兰花很好吃,0,0,0,94
旅南路,0,0,0,60
今日份的喜欢,0,0,0,512
梦的世界,0,0,0,75
非典型爱情故事,0,0,0,24
与她,0,0,0,5
巴黎小情歌,0,0,0,80
繁星点点,0,0,0,41
银河系漫游指南,0,0,0,72
母亲的小米南瓜粥,0,0,0,419
向歌的黄昏日记,0,0,0,31
高三九班的故事,0,0,0,20
临安夜雨,0,0,0,40
古诗观止,0,0,0,11
The other one,0,0,0,47
辞职日记,0,0,0,56
鲁南小城的故事,0,0,0,1013
撒哈拉沙漠都下雪了，我还未等到喜欢的你,0,0,0,304
藏二代，与太阳为邻的孩子,0,0,0,477
读经典武侠 悟快乐人生,0,0,0,208
我爱的人走了,0,0,0,118
2000-2012：关于一座城市的记忆,0,0,0,759
远逝,0,0,0,549
心动卡片,0,0,0,79
21岁非爱情故事,0,0,0,1335
内心空灵的世界,0,0,0,183
曾与我同行的你有双会流泪的眼睛（书信集）,0,0,0,1529
给你的心一段旅程,0,0,0,22
无理论·第一辑,0,0,0,23
乡思大理,0,0,0,953
白板,0,0,0,6
蜻蜓翅膀上的童年,0,0,0,69
黑暗中漫舞,0,0,0,11
猫的眼睛和它的爪子,0,0,0,65
栖居城市的魂灵,0,0,0,1956
岁月轻轻低吟,0,0,0,65
曾照彩云归,0,0,0,73
撒哈拉沙漠都下雪了，我还未等到喜欢的你,0,0,0,304
谈一谈我在美国的留学生涯,0,0,0,63
90后的单身心里,0,0,0,33
五毛集,0,0,0,56
余鹄,0,0,0,25
藏二代，与太阳为邻的孩子,0,0,0,477
21岁非爱情故事,0,0,0,1335
鲁南小城的故事,0,0,0,1013
给你的心一段旅程,0,0,0,22
松辽小草----康杰中学许振奎纪念文集,0,0,0,204
我的前小半生,0,0,0,46
白板,0,0,0,6
捻半手,0,0,0,389
猫的一天,0,0,0,36
流年，为谁彳亍,0,0,0,66
我要生命，也要生活,0,0,0,137
历史，在时光中深邃,0,0,0,10
曾照彩云归,0,0,0,73
撒哈拉沙漠都下雪了，我还未等到喜欢的你,0,0,0,304
一世繁花 开至荼蘼,0,0,0,8
90后的单身心里,0,0,0,33
五毛集,0,0,0,56
余鹄,0,0,0,25
鲁南小城的故事,0,0,0,1013
给你的心一段旅程,0,0,0,22
谈一谈我在美国的留学生涯,0,0,0,63
我的前小半生,0,0,0,46
猫的一天,0,0,0,36
捻半手,0,0,0,389
白板,0,0,0,6
松辽小草----康杰中学许振奎纪念文集,0,0,0,204
历史，在时光中深邃,0,0,0,10
流年，为谁彳亍,0,0,0,66
我要生命，也要生活,0,0,0,137
红水河畔,0,0,0,29
闲来无趣话西窗,0,0,0,14
虾吃,0,0,0,110
闲人闲事,0,0,0,25
四季深圳,0,0,0,1411
二十有余忆过往,0,0,0,40
好吃的故事,0,0,0,493
南岔往事,0,0,0,31
多情总似 无情风月,0,0,0,5041
平凡的活下去，也需要勇气,0,0,0,23
梦境,0,0,0,21
远方,0,0,0,280
轻叩柴扉觅故人,0,0,0,79
父亲的散文诗,0,0,0,702
制夷记,7.6,21,1.99,2762
在冷酷仙境里暖游,0,0,0,27
一只陌生人的耳朵,0,0,0.99,447
天使,7.2,113,1.99,6016
我生命里的三十个女人,0,0,0,131
城市笔记,0,0,0,149
日常,0,0,0,9
散文集 · 找一枝有意境的枯枝,0,0,0,14
大学荒原,0,0,0,76
剥栗子,0,0,0,31
今年有十九,0,0,0,125
猫窝时光,0,0,0,70
情歌难忘记,0,0,0,43
安徒生故事改编,0,0,0,189
草木集,0,0,0,399
活着——《我的团长我的团》观后感,0,0,0,209
时光微尘,0,0,0,30
诗话,0,0,0,3657
蘇城憶,0,0,0,100
古今小品校注,0,0,0,350
花花世界,0,0,0,20
写在深夜里,0,0,0,290
丧而欢歌,0,0,0,6
胖少女日记,0,0,0,126
藏地手记,0,0,0,817
笔端游离,0,0,0,130
败者书,0,0,0,185
20岁为止,0,0,0,346
无风无雨也无晴,0,0,0,61
官场杀手,0,0,0,534
拾记,0,0,0,6
心情在生活中荡心琴，情感在思想里悟情性。,0,0,0,31
云上树,0,0,0,118
毛中回忆录,0,0,0,142
晚风集,0,0,0,3
丹河岸边杂记,0,0,0,10
我可能很调皮，那只是我不想老去,0,0,0,9
神寓之言（精神分裂症患者著）,0,0,0,1708
八卦之城,0,0,0,17
遇见,0,0,0,94
路过幸福,0,0,0,5
见字如晤-致亲爱的你,0,0,0,106
闲居岁月,0,0,0,164
至少要好好说再见,0,0,0,56
一个男人的秘密花园,0,0,0,157
我三十岁了，却还像个孩子,0,0,0,33674
家，是石家庄的家,0,0,0,103
一只陌生人的耳朵,0,0,0.99,447
平凡的活下去，也需要勇气,0,0,0,23
我们写给朋友的信,0,0,0,62
梦境,0,0,0,21
多情总似 无情风月,0,0,0,5041
父亲的散文诗,0,0,0,702
制夷记,7.6,21,1.99,2762
寻找爱读书的你,0,0,0,57
天使,7.2,113,1.99,6016
孤独择日而止,0,0,0,237
我生命里的三十个女人,0,0,0,131
孤独择日而止,0,0,0,237
家，是石家庄的家,0,0,0,103
i2020,0,0,0,86
有梦为马,0,0,0,188
黑蛋儿的童年,0,0,0,1711
我说我见,0,0,0,118
做个有福气的人,0,0,0,97
烟雨江南,0,0,0,123
留英之记,0,0,0,18
海棠集,0,0,0,142
我们写给朋友的信,0,0,0,62
每日谈,0,0,0,75
短诗与随笔,0,0,0,103
茶话,0,0,0,811
非虚构音乐,0,0,0,92
寻找爱读书的你,0,0,0,57
人间烟火,0,0,0,8
小巷笔记,0,0,0,70
中西部生存指南——知识青年美国下乡记,0,0,0,2510
虚无之无,0,0,0,231
坐在身边的那个陌生人,0,0,0,78
童话里的男孩女孩,0,0,0,61
餐秋,0,0,0,25
苔花,0,0,0,108
假面似水年华,0,0,0,373
为了忘却的记念,0,0,0,25
我说我见,0,0,0,118
独行,0,0,0,24
有梦为马,0,0,0,188
德国小城生活,0,0,0,99
做个有福气的人,0,0,0,97
中西部生存指南——知识青年美国下乡记,0,0,0,2510
如是我闻,0,0,0,631
留英之记,0,0,0,18
海棠集,0,0,0,142
虚无之无,0,0,0,231
今天,0,0,0,3
碎叶,0,0,0,76
晚安故事,0,0,0,31
每日谈,0,0,0,75
短诗与随笔,0,0,0,103
黑蛋儿的童年,0,0,0,1711
小巷笔记,0,0,0,70
i2020,0,0,0,86
人间烟火,0,0,0,8
非虚构音乐,0,0,0,92
假面似水年华,0,0,0,373
餐秋,0,0,0,25
苔花,0,0,0,108
沙乡剪影,0,0,2.99,796
为了忘却的记念,0,0,0,25
在胶片上流浪,0,0,0,804
追悼会不是请客吃饭,7.0,39,1.99,1959
今天我很有情绪,0,0,0,411
原来我也曾经走到过那么远,0,0,0,57
成长，是修行。,0,0,0,96
微光世界慢悠游,0,0,0,10
吃话家常,0,0,0,235
形而上者呓语,0,0,0,29
太阳底下的幸福,0,0,0,83
只怪太匆匆,0,0,0,27
小日子 读懂自己,0,0,0,336
我在这城市的幸福感,0,0,0,5184
一个自由写作者的日记,0,0,0,404
情梦难离缘却殇,0,0,0,1347
瓜鱼和他的二三事,0,0,0,15
浅藏辄止,7.2,48,0,1265
写给童年的小情书,7.8,17,0,170729
温柔中的硬度,7.2,13,1.99,2230
我的30岁,0,0,0,131
达达的日常生活,0,0,0,86
堂堂十记,0,0,0,329
热带鱼奇遇记,0,0,0,22
望乡集,0,0,0,240
文化之颂 走向风雅,0,0,0,68
码字生涯录,0,0,0,149
今年二十了,0,0,0,103
深海,0,0,0,30
印心记忆,0,0,0,77
她或/和他,0,0,0,6
生命之旅,0,0,0,1236
一千次见面 I SEE YOU A THOUSAND TIMES,0,0,0,123
新牛时·琐事集,0,0,0,9
爱新觉罗·阿宋,0,0,0,34
无病呻吟的碎碎念,0,0,0,40
十二天的荷兰交换生,0,0,0,25
回归文本．悦读鲁迅,0,0,0,131
年轻的迷雾,0,0,0,35
妄色短篇集,0,0,0,64
人生苦旅,0,0,0,20
一块鸡肋,0,0,0,64
那些人和那些事,0,0,0,98
八月芳华,0,0,0,22
遇见你的时候所有星星都落到我头上,0,0,0,35
爱新觉罗·阿宋,0,0,0,34
八月芳华,0,0,0,22
梨花不肯负春风,0,0,0,3835
旅顺物语,0,0,0,194
十二天的荷兰交换生,0,0,0,25
异乡见闻录——杭州,0,0,0,49
生活赠我蒙汗药,7.4,116,1.99,5695
哀怒,0,0,1.99,164
没文化研究,0,0,0,20268
小城无多事,0,0,0,1227
诗在远方,0,0,0,228
歌词，就是当代的诗词,0,0,0,1359
自然生长,0,0,0,25
他，和她,0,0,0,32
昆明街道,0,0,0,27
看见这个世界的美好,0,0,0,572
最长的旅途,0,0,0,48
小二拆书集,0,0,0,215
我也是有xxx的人了,0,0,0,299
已经忘了的人和事,0,0,0,39
Museum and the City,0,0,0,41
冶风,0,0,0,331
有心就有路:凡是打不倒你的必使你更强壮,0,0,0,84
初笔记——用练习写作来消磨时光,0,0,0,2731
消极者的世界,0,0,0,146
南京记事,0,0,0,115
山有木兮木有枝,0,0,0,415
自然生长,0,0,0,25
稳稳的幸福,0,0,0,8
已经忘了的人和事,0,0,0,39
Museum and the City,0,0,0,41
有心就有路:凡是打不倒你的必使你更强壮,0,0,0,84
南京记事,0,0,0,115
山有木兮木有枝,0,0,0,415
心的归途,0,0,0,45
君自故乡来,0,0,0,1404
青春就像一位堕落的诗人,0,0,0,71
瑜伽教练养成记,0,0,0,373
小矫怡情,0,0,0,34
有一首诗与词，曾波澜过你我的世界,0,0,0,62
苏北记,0,0,0,30
荒废,0,0,0,52
春风十里终归浙里,0,0,0,293
家园笔记,0,0,0,13
写作间,0,0,0,39
余生独行,0,0,0,5284
我和苦菜君的十三年,0,0,0,14
两年之后又是一条女汉子,7.8,90,1.99,6553
论世界史作为个人史,0,0,1.99,968
也许，我是原乡的逆子,0,0,0,3575
燕风赵骨之石门卷,0,0,0,1326
我想用脚步，丈量这天地,0,0,0,72
旧路狂想曲,0,0,0,35
藏在心里的红玫瑰，越盛开，越邪恶,0,0,0,15
盲不了的性（番外）,0,0,0,28
一寸光阴,0,0,0,84
生活中的那点甜,0,0,0,27
这世界，总有人偷偷爱着你,0,0,0,174
看见深蓝,0,0,0,290
就像看樱桃小丸子的你不懂看蜡笔小新的我,0,0,0,50
新婚别记,0,0,0,52
古风与诗歌,0,0,0,457
提笔高时光写份情书,0,0,0,27
冷风过境，到天明,0,0,0,291
nightmare,0,0,0,6
请用一枝玫瑰纪念我,0,0,0,28
谬论的生成,0,0,0,2754
闲暇拾光,0,0,0,37
野草居的那几年,0,0,0,44
我的奇异果男人,0,0,0,483
远去的山村,0,0,0,488
男人迟暮,0,0,0,18740
内心独白,0,0,0,513
网络生活,0,0,0,8
鱘鰣光,0,0,0,5
西藏，心的地方,0,0,0,210
花园、小窗和清风,0,0,0,40
学生时代,0,0,0,37
江湖儿女初见情,0,0,0,13
网络生活,0,0,0,8
陈三两的故事集,0,0,0,35
盖文请我喝了一杯香芋奶茶,0,0,0,5
花园、小窗和清风,0,0,0,40
生活哲学,0,0,0,28
学生时代,0,0,0,37
X-SOUL,0,0,0,17
雪花无声,0,0,0,31
菜叔的小生活,0,0,0,44
鱘鰣光,0,0,0,5
西藏，心的地方,0,0,0,210
花园、小窗和清风,0,0,0,40
去处,0,0,0,22
snow，sorrow,0,0,0,11
江湖儿女初见情,0,0,0,13
品人录——品评影视剧中的人物,0,0,0,412
水浒传信录,0,0,0,474
极简主义生活,0,0,0,813
2.99,15341119992197163150149139136154
青果,0,0,0,22
生活随笔,0,0,0,1120
命运的威胁,0,0,0,129
舒の札记,0,0,0,12
遗忘的旧时光,0,0,0,162
情小北真的很酷,0,0,0,25
小儿语和璐彦,0,0,0,68
depy,0,0,0,7
我与世界的这些年,0,0,0,99
我的校园日记本,0,0,0,49
早餐节,0,0,0,420
小书童的小随笔,0,0,0,206
老梁轶事,0,0,0,15
回声,0,0,0,71
萌小南瓜的世界,0,0,0,476
小黑鲸的世界（杂文）,0,0,0,84
无业游民的碎碎念/鸡飞狗跳,0,0,0,61
超级随意的散文,0,0,0,109
揪心的玩笑与漫长的白日梦,0,0,0,217
一百件成就指南,0,0,0,36
在向死而生的路上,0,0,0,30
喜欢你的这么多年,0,0,0,107
哈布斯堡那些事,0,0,0,80
子非鱼,0,0,0,64
咪呜记,0,0,0,83
二三信,0,0,0,64
永结无情游,0,0,0,10
寂寞当年箫鼓,0,0,0,177
人间小故事,0,0,0,45
自有夜覆我以星被——八年地质生活小记,0,0,0,369
细微处看《红楼》,0,0,0,169
38个不上班的理想青年,0,0,0,673
比宇宙更遥远,0,0,0,250
我的小庄庄,0,0,0,17
孤独与爱同在,0,0,0,312
不要把红领巾系太紧,0,0,0,58
蟹の壳,0,0,2.99,619
世界巅峰影视鉴赏,0,0,0,7
归来少年,0,0,0,212
停云斋(文化杂谈),0,0,0,13
随遇而记,0,0,0,23
沉香红教你学写作,0,0,0,32
一页尘梦,0,0,0,6
考研日记,0,0,0,11
冀城往事,0,0,0,427
四分之一人生,0,0,0,75
致那些无法兑现的梦想,0,0,0,44
西外札记,0,0,0,50
小城游记,0,0,0,52
在波斯国的风里听秘境的歌,0,0,0,41
叶叶心心,0,0,0,202
你离开的事实——红雨在野,0,0,0,91
知识分子的尊严,0,0,0,25
破障记,7.6,12,0,2854
我还不知你叫什么名字,0,0,0,408
东篱旧爱,0,0,0,170
酒边花下,0,0,0,317
死于纽约,0,0,0,84
玫瑰萝卜,8.0,26,0,35576
孤独的人有他们自己的泥沼,0,0,0,161
人生啊不过是生活工作，工作生活。,0,0,0,21
诗集·逸轩楼,0,0,0,64
影子生活,0,0,0,276
Penny的人生旅行日记,0,0,0,46
都市寻亭记,0,0,0,339
他她们,0,0,0,195
你好 米二,0,0,0,48
海深时见鲸,0,0,0,167
塞墨斯公主的地球生活,0,0,0,66
边走边唱,0,0,0,297
记湘西支教行,0,0,0,163
长歌不散,0,0,0,968
穆尔提丙,0,0,0,36
电影情书,0,0,0,15457
心海勾陈,0,0,0,67
至时光,0,0,0,14
亲爱的故人,0,0,0,133
豆瓣交友,0,0,0,45
走向荒凉,0,0,0,199
巴黎小众博物馆里的人生课,0,0,0,122
今天我连诗都懒得写给你,0,0,0,67
闲步集,0,0,0,240
家有喜事,0,0,0,38
今生，为你写诗,0,0,0,606
三爷,8.0,12,1.99,721
三十左右,0,0,0,54
离日落1448公里,0,0,0,188
行走在爱的旅程中,0,0,0,509
出走遣悲怀,0,0,0,232
今天我连诗都懒得写给你,0,0,0,67
镜面世界,0,0,0,18
三爷,8.0,12,1.99,721
点点星光,0,0,0,9
做一个充满诗意的母亲,0,0,0,72
桃园路五号,0,0,0,188
行走在爱的旅程中,0,0,0,509
出走遣悲怀,0,0,0,232
今天我连诗都懒得写给你,0,0,0,67
悠远的大河 悠远的大山,0,0,0,27
人间故乡,0,0,0,18
恼人的婚恋,0,0,0,35
失眠随笔,0,0,0,925
热炕,7.8,17,1.99,2299
孩子，我想和你虚度光阴,0,0,0,31
号有趣,0,0,0,32
爱的杂货铺,0,0,0,20
没有人给我写信,0,0,0,867
孤独是一件永远讲不完却必须要面对的一件事,0,0,0,88
欲与虚,0,0,0,500
莫迪的日子,0,0,0,121
墨轩自解,0,0,0,15
岁寒不知年,0,0,0,79
吃牛肉的狗,0,0,0,23
故世已去,0,0,0,138
遇见余生,0,0,0,1432
蜻蜓看电影,0,0,0,326
悉尼日记,0,0,0,246
行走和言语,0,0,0,521
左歪叨叨,0,0,0,7
学会微笑面对人生,0,0,0,77
诗意人生,0,0,0,40
云端雾里,0,0,0,27
猫国,0,0,0,29
诗意人生,0,0,0,40
一个人，与一座北京城,0,0,0,242
云端雾里,0,0,0,27
热爱生活,0,0,0,2897
拙劣青年自画像,0,0,0,26
年少不轻狂系列,0,0,0,37
浪漫的逃亡,0,0,0,40
猫国,0,0,0,29
诗意人生,0,0,0,40
一个人，与一座北京城,0,0,0,242
云端雾里,0,0,0,27
热爱生活,0,0,0,2897
拙劣青年自画像,0,0,0,26
年少不轻狂系列,0,0,0,37
游记,0,0,0,158
浪漫的逃亡,0,0,0,40
猫国,0,0,0,29
这不是一本小黄书,0,0,0,2750
一口井 ——多瑙之旅,0,0,0,1327
听逢乙胡说八道,0,0,0,16
让你的美好自成气象,0,0,0,688
背叛青春,0,0,1.99,765
他乡故乡,0,0,2.99,978
今天你坐地铁么,0,0,0,67
《故乡与亲人》,0,0,0,614
病隙寥记,7.0,11,1.99,874
你本不该平凡,0,0,0,117
以你为界,0,0,0,43
知晓夜谭,0,0,0,40
当微风荡漾时,0,0,0,425
雪山下的炊烟,0,0,0,1596
草木自成岁,0,0,0,1283
新西兰求职记,0,0,0,243
给女儿书,0,0,0,269
云端随笔,0,0,0,82
南半球的天空,0,0,0,316
我知道你会来,0,0,0,201
这不是一本小黄书,0,0,0,2750
松绑：抑郁的颜色,0,0,0,110
一口井 ——多瑙之旅,0,0,0,1327
听逢乙胡说八道,0,0,0,16
让你的美好自成气象,0,0,0,688
云端随笔,0,0,0,82
他乡故乡,0,0,2.99,978
今天你坐地铁么,0,0,0,67
《故乡与亲人》,0,0,0,614
病隙寥记,7.0,11,1.99,874
你本不该平凡,0,0,0,117
以你为界,0,0,0,43
知晓夜谭,0,0,0,40
当微风荡漾时,0,0,0,425
雪山下的炊烟,0,0,0,1596
新西兰求职记,0,0,0,243
给女儿书,0,0,0,269
草木自成岁,0,0,0,1283
南半球的天空,0,0,0,316
我知道你会来,0,0,0,201
创意写作的自我修炼,0,0,0,76
祝你好,0,0,0,4
骚年的告白,0,0,0,51
风居住过的街道,0,0,0,12
感性与理性之间,0,0,0,3981
创意写作的自我修炼,0,0,0,76
小雨夜话,0,0,0,40
祝你好,0,0,0,4
骚年的告白,0,0,0,51
感性与理性之间,0,0,0,3981
风居住过的街道,0,0,0,12
影子的马路,0,0,0,44
北疆更北,0,0,0,260
我的精神世界,0,0,0,74
毗连的光与影,0,0,0,557
花满月,0,0,1.99,827
因食而忆,0,0,1.99,2450
早秋落雏菊,0,0,0,2445
让放养的诗飞会儿,0,0,0,64
譬如朝露,0,0,0,808
妈妈与我,0,0,0,87
谁把他乡做故乡,0,0,0,122
艺文类聚丨第一聚丨黑色幽默,0,0,0,241
天方叶谭,0,0,0,99
明天的故事,0,0,0,80
左岸女人的人间烟火,0,0,0,371
漂浮的影子,0,0,0,29
行走的星星,0,0,0,1089
Psyber X.,0,0,0,6
如果记忆醒着,0,0,0,252
蹒跚记,0,0,0,476
半个人的遐想,0,0,0,98
突然好想你,0,0,0,152
偷得浮生,0,0,0,5
秃发候群症的文艺书单,0,0,0,39
千万次相遇与一次重逢,0,0,0,30
亲爱的大学——十二封信,0,0,0,22
暂无标题,0,0,0,14
在云,0,0,0,32
