猫眼,7.8,22,2.99,2663
做交易的这些年,0,0,0,70
锦城记,5.2,65,1.99,1095
快餐之王,0,0,0,2428
讨厌商业的张笑笑去了哈佛商学院,0,0,0,40
螺蛳壳,7.6,172,1.99,4269
超五星体验之进击的笑笑,0,0,0,352
人偶调查,7.4,146,1.99,4428
贾思诚的都市禅,0,0,1.99,376
大学生奇葩创业录,0,0,0,281
一些故事,0,0,0,103
破冰,0,0,0,23
狗仔侦探,8.2,17,0,72590
坏人无处可逃,0,0,0,783
英落他年,0,0,4.99,1131
在相悦的时光里等你,7.4,18,1.99,4118
美国职场宫心计,8.2,13,0,12954
老驴成亲记,0,0,1.99,347
代理行,0,0,0,89
凡事不满者的谋生,0,0,1.99,1516
我刺不了秦,7.4,11,1.99,524
职场变幻记之初来乍到,0,0,0,3874
非酋小组解散始末,9.0,22,1.99,1187
一个在东莞卖纸巾创业的胖子的故事,0,0,0,117
绝地求生,0,0,0,6
重金悬赏,0,0,0,358
淘金戏法,8.2,12,1.99,1448
这款衣服一万八,0,0,0,8
我的职场不闪光,0,0,0,85
黑霉,7.0,32,1.99,1481
为活着而辩护,9.4,114,0,49041
在你谈论爱情时你在想什么,7.4,20,1.99,1812
淬火的青春,0,0,4.99,679
荒漠燃烧,0,0,1.99,362
内衣店老板娘手记,0,0,0,11694
7.8,13,1.00,1716122011851176214191203184
为官,0,0,1.99,827
矿业枭雄,0,0,0,248
团结湖里的柳瓦夫人,0,0,1.99,883
剪辑师,0,0,0,19
太阳场,0,0,0,196
法援律师,0,0,0,121
人间难懂,0,0,0,47
淑女的品格,0,0,0,507
记者眼中的中国法治进程,0,0,0,480
杉德多啦云,0,0,0,44
用火箭少女打开后街女孩（非盈利型改编）,0,0,0,36
职业记,0,0,0,165
校外补课机构人来人往,0,0,0,235
梦雨竹花行,0,0,0,486
2.99,93121658447247758939537918890
医生，请再说一遍。,0,0,0,535
老板娘的四个线人,0,0,0,92
国界线,0,0,0,66
朝阳,0,0,0,27
再见，律师,0,0,0,555
底层,0,0,0,82
微商怎么做,0,0,0,49
生活,0,0,0,95
誓言之下--外科医生笔记,0,0,0,204
解套儿,0,0,0,64
繁星维纳斯,0,0,0,10
我的空少生活,0,0,0,13
公务员老丁的2017,0,0,0,4304
一个客服人的江湖,0,0,0,181
波波先生的爱情,0,0,0,38
非典型投资经理,0,0,0,89
兰德思科,0,0,0,2204
大干包子铺,0,0,0,436
徐徐前行,0,0,0,98
起落安妥,0,0,0,14128
我在检察院学刑法,0,0,0,18
五星级服务,0,0,0,175
春邂夏逅,0,0,0,658
