十恶胡作,9.6,1101,0,21583464
不如归,8.4,44,1.99,6880
术刀之美人无泪,8.6,79,0.00,5295
太湖烟雨,9.0,26,0.00,2195
书剑长歌行之相忘江湖,7.4,17,3.99,3.99,5579
再见江湖,8.4,26,1.99,4377
夜来风雨,9.0,93,1.99,9463
昆仑三圣,9.4,29,0.00,8999
书剑长歌行之谁主沉浮,0,0,0.00,743
绝技,8.2,269,0,19467
吴单贾义列传,7.6,37,0.99,1231
风露刺,8.6,444,1.99,37522
书剑长歌行之江山风雨,7.8,27,2.99,2.99,5445
梨花刀,8.2,26,0.00,2148
春树秋霜,9.2,60,3.99,12503
一瓣河川,9.2,3144,1.99,200393
藏剑者 · 叁,9.2,28,9.99,14084
酒书,7.4,31,0.00,4555
猎手·猎物,9.6,30,0.00,3249
书剑长歌行之千里江陵,0,0,3.99,3.99,1726
玉蛇劫,8.4,90,0,6416
同门,8.2,299,1.99,13575
去手,8.4,100,0.99,4180
沧浪,8.8,36,0.00,5263
禅茶濯剑录,8.6,590,1.99,41473
清雨濯尘归,9.0,52,0,248407
常输先生,9.2,19,1.99,2252
停云剑歌,9.4,519,0,2999347
武林残页,0,0,6.99,2366
冷山寺,7.4,206,0.00,10006
荒庙,8.2,384,1.99,25367
巨阙残锋,7.8,18,1.99,1417
天龙八部第二季,0,0,0,10570
春江花月夜,7.8,19,1.99,1161
江湖漫游指南,6.8,11,4.99,1697
红学会,8.6,293,1.99,12493
碧水青云记,7.8,15,0,272888
藏剑者 · 贰,9.0,56,9.99,20873
死水微澜,8.8,16,3.99,5580
刀王,7.6,495,1.99,34882
风落松梢,0,0,0,121
归去来兮,7.2,34,2.99,9534
迟剑行,8.0,287,1.99,15422
兰烬落,8.4,67,0.99,0.99,3409
夺碑,7.8,144,1.99,2949
术刀,0,0,2.99,2314
长安风雪（一）,8.6,84,2.99,7999
海棠,8.0,47,1.99,2696
面人,8.0,13,0,6161
鸳鸯锁,0,0,1.99,612
后街侠客行,6.6,84,0.49,0.49,1881
雪寂又凉生,9.4,37,0,23237
朽者,8.2,350,1.99,17151
淮城雨,7.6,370,1.99,13502
交叉世界的深谷,7.8,87,0.99,2839
白炽之昼,8.4,23,1.99,1239
重生,7.2,18,3.99,1045
荒村剑客,8.0,68,0.99,4935
玉门遮,7.6,11,0.99,0.99,4086
罗生门·长安,7.8,12,0.00,3752
破刀客,5.8,193,1.99,14085
侠戏,8.2,20,1.99,1897
枯局,7.0,118,1.99,2451
六界狂歌行,0,0,0,8284
莽侠,8.0,14,1.99,1504
寻青记,0,0,1.99,1842
往尘,6.2,126,1.99,2671
大比之年 ,8.8,24,4.99,5491
云阙赋（上卷）,7.8,13,5.99,1538
江湖四公子之神剑妖刀,9.4,36,3.99,23451
血色燕云,7.0,113,1.99,7669
长安风雪（二）,9.4,38,3.99,2859
折戟沉沙,5.4,163,1.99,7757
一本不正经,7.6,12,1.99,588
风卷黄沙,0,0,1.99,478
秦凝传,6.8,12,1.99,831
地狱执,7.6,153,1.99,2509
吴门,7.6,104,1.99,4503
也无风雨也无情,0,0,1.99,864
夺标之路,6.4,160,1.99,8880
秘录侠踪,0,0,2.99,1220
九州·凛冰王朝,8.0,13,0,38738
观止剑,8.0,79,1.99,2812
天行有常,6.8,11,2.99,1529
凤影迷踪,9.4,51,0,263838
狐女苏灵儿,0,0,4.99,1137
野鸳鸯,6.6,18,0,2397
不要死在黄土高坡,7.2,84,1.99,2149
蛇影随行,7.0,17,2.99,1922
沧浪,0,0,0,175
寻枪,0,0,0,8624
踏雪山庄,7.2,12,2.99,3361
青阳城,0,0,4.99,1065
风月楼,0,0,1.99,1408
余生一剑,6.0,89,1.99,2295
孙葫芦王瓢,7.4,11,0,1003
一刀一酒尽余生,7.2,237,1.99,14800
云阙赋（下卷）,0,0,5.99,293
放鲸记,7.8,11,1.99,1361
雾,8.4,19,3.99,3825
一剑之后,0,0,2.99,340
樱花落,7.0,24,1.99,1055
荆山玉镯,0,0,1.99,1705
衣带诏,7.8,142,1.99,4467
白马篇,0,0,0,917
东方不败之再续前缘,0,0,0,163
暴雨青竹后传,7.0,90,1.99,2071
烟云十六话,0,0,1.99,250
夜兰,5.6,92,1.99,3090
醉歌行,8.0,169,1.99,5370
惭恩,8.0,36,1.99,2571
剑花,0,0,1.99,540
有离,7.2,221,1.99,9682
刀破风,0,0,3.99,525
剑客与刀疤脸,0,0,1.99,650
夜的第七章,0,0,1.99,79
爱杀,0,0,1.99,362
何以泯恩仇,8.0,130,1.99,3080
无痕,7.8,245,1.99,13680
舞娘,0,0,1.99,66
神雕遗梦永不醒,7.8,17,0,3741
惊瞳,8.0,426,1.99,21041
少年游,9.0,31,1.99,3681
环形佩刀,6.8,168,1.99,4621
猛然夜行,6.2,68,1.99,1768
杀生,7.4,16,1.99,1374
夏殊明,0,0,0.99,568
梅香,0,0,3.99,690
武林残页（注释版）,0,0,0,1816
乱世游子吟之红尘如梦,0,0,0,25
眼翎寒光耀冰雪,0,0,0,4
天下无剑,7.2,138,1.99,3775
擎海阁,0,0,0,422
蓝璃之恋,0,0,0,47
小刀杀戮,7.0,99,1.99,2690
侠魂销,0,0,1.99,735
秦时明月汉时关,0,0,1.99,380
是谁带来这场大雪,0,0,1.99,150
古事记,0,0,0,3515
残华非雪,0,0,0,388
正德清阳录,0,0,0,669
五花彩剑录,0,0,0,208
剑吼西风,0,0,0,468
《三皇绝》第一部,0,0,0,595
憬,0,0,0,1085
武义录,0,0,0,196
风云纵横录,0,0,0,84
靠近我,0,0,0,978
萧郎误,0,0,0,27
纤尘图卷,0,0,0,725
铁梨剑,0,0,0,180
不入流,0,0,0,7
重剑,0,0,0,17580
灵兽侠隐,7.6,13,0,10640
渔,7.4,12,0,1305
岁月无声,0,0,0,985
笑面书生传,0,0,0,152
女侠卢月,0,0,0,8
睥睨天下,0,0,0,943
十五为故乡,0,0,0,27
天马记,7.8,106,1.99,3174
武侠联珠集,0,0,0,90
江湖百科全书,0,0,0,108
黑潭旧事,0,0,1.99,256
枕江南,0,0,1.99,423
仙语江湖,7.6,11,0,223862
分花记,0,0,0,868
风云落马镇,7.2,15,0,10115
倚月山庄,0,0,2.99,974
悬匏记,8.0,155,0,68711
女装大佬的侠客天下,0,0,0,79
提灯照山河,0,0,0,1192
温酒,0,0,0,1351
一蓑烟雨任平生,7.6,42,0,23010
丛云离歌,0,0,0,146
长问客栈,0,0,0,2970
江湖大事,0,0,0,172
刀与剑的故事,0,0,0,1276
千山雨,6.2,134,1.99,6315
刀客列传,0,0,0.99,231
比武招亲,6.6,151,1.99,4299
茶焚千沐,0,0,1.99,218
魇鸦破梦录,8.2,14,0.49,0.49,761
大劫武林论,0,0,1.99,299
南渡,8.0,20,0.99,0.99,3202
青衣,5.6,97,1.99,5921
兄弟,6.8,25,1.99,1627
新月传奇,7.8,11,1.99,513
十年一觉扬州梦,7.2,15,2.99,265
大明鬼谷,6.2,14,7.99,4678
破竹图,0,0,2.99,444
十二奇侠,0,0,2.99,521
非侠非客庙小寒,7.2,127,1.99,3802
最是江湖等闲事,7.4,112,1.99,3490
侠隐迷踪,6.6,83,1.99,3852
少女的成长与杀,0,0,1.99,100
原上雪,6.2,88,1.99,2428
叁月·虹,0,0,1.99,661
三界摆渡人,0,0,0,93360
梦随江流,5.4,17,2.99,639
还璧,0,0,0.99,166
履霜记,0,0,1.99,879
怅梦江南是无妆,0,0,0,170
手刀,0,0,1.99,65
乱世,0,0,2.99,763
血月,7.6,31,2.99,3483
大盟主,0,0,1.99,168
普洱记事,7.2,15,3.99,2688
江湖夜雨录,7.0,32,1.99,1320
大地走来我年轻的弟兄,0,0,1.99,912
江湖旧闻录,7.2,73,1.99,2934
乾坤谱,0,0,0,655
离岛,0,0,1.99,705
生还者,7.0,17,1.99,759
忘机,7.4,18,1.99,1083
屠城,0,0,0.99,162
上下无常,7.8,18,3.99,1765
无知之剑,6.6,74,1.99,4471
三秋杏,0,0,1.99,84
灿若如莲,0,0,5.99,1299
血溅大王寺,0,0,1.99,158
风云录,6.8,14,1.99,542
百花少主,0,0,2.99,1117
江湖之秋,5.6,71,1.99,1489
花楼鬼姬,7.2,222,1.99,7348
洛阳明夷录,7.4,244,1.99,10223
断魂刀,7.4,12,1.99,1048
鸣渊的武林,0,0,0,19
扬州乱,0,0,1.99,428
一个人的江湖,7.4,11,1.99,1260
画堂望,0,0,0,12497
刺帝,5.6,125,1.99,3315
洛阳儿女行,0,0,1.99,456
血宋,0,0,0,646
笑泯恩仇录,6.2,38,0.99,630
浪迹,0,0,2.99,831
飞鸟投林,0,0,1.99,63
也可情长,0,0,3.99,2260
贰月·残,0,0,1.99,2009
此去江湖是绵愁,0,0,0,1667
野王集,8.0,18,1.99,1520
千阳传说,8.0,11,1.99,1604
吟啸行,7.2,13,6.99,3245
白鹤楼记,0,0,0.99,179
江湖走一遭,0,0,0.99,324
凤羽龙骧,6.8,122,1.99,3595
欺骗,7.2,15,0.99,123
慕容燕,7.4,24,1.00,1.00,4116
唐少侠与杨小姐,7.4,13,1.99,1358
端州记事,0,0,1.99,609
飞花录,0,0,1.99,1330
青沙烂,0,0,1.99,278
寒光照铁衣,0,0,1.99,272
刺青,7.0,17,1.99,511
君子之枫叶天下,7.6,12,3.99,1229
长安别,0,0,1.99,397
情者刀,0,0,0.99,153
青龙枪,0,0,1.99,230
紫微,7.6,19,0,48918
太平江湖,7.6,15,1.99,587
7.99,1699369113091030289
凋零的江湖传说,7.4,16,1.99,438
昆仑刺客传,0,0,0,5546
不死门,0,0,0,596
一江南北,0,0,0,2736
白羽没苍穹,8.0,46,0,145354
飞鸿逐影录,0,0,0,440
一剑随心（上）,9.2,233,0,179311
大兵长,0,0,1.99,72
血色双清巷,0,0,1.99,447
逐影,0,0,0,4218
武林大会,0,0,0,153
凤凰冬夏,0,0,0,22427
我眼中的秦舞阳,0,0,1.99,204
归云山庄,6.2,14,1.99,858
6.99,199746461616058555956
长战卸甲,0,0,0.49,0.49,3168
花有月,0,0,0,1662
九万里苍穹,0,0,0,133
片断·祝福,0,0,0,196
《水塘》,0,0,0,63
九尺惊魂,0,0,0,721
乱唐,0,0,0,88
枪手.手枪,0,0,0,13
6.99,199746461616058555956
凤凰冬夏,0,0,0,22427
临渊,0,0,0,50
天机入怀,0,0,0,95
顾连城,0,0,0,5038
剑倚姝香录,0,0,0,55
风萧易水寒,0,0,0,1157
仙侠奇缘,0,0,0,245
风凌决之启明,0,0,0,28
《屠痕》——之风起临川,7.8,20,0,1344
鸿蒙,0,0,0,27
江湖奇案之八月十五,0,0,0,121
无尽谷,0,0,0,111
驼城弯刀惊江湖,0,0,0,137
诡世七流,0,0,0,153
梅花山情缘,0,0,0,680
大梁英雄榜,0,0,0,89
血邪剑,0,0,0,42
思念那易逝,0,0,0,37
释道,0,0,0,38
风凌决之启明,0,0,0,28
《屠痕》——之风起临川,7.8,20,0,1344
血邪剑,0,0,0,42
江湖奇案之八月十五,0,0,0,121
荡寇两则,7.2,14,1.99,110
江浪不息,0,0,0,382
梅花山情缘,0,0,0,680
大梁英雄榜,0,0,0,89
思念那易逝,0,0,0,37
释道,0,0,0,38
云游之鬼祭司,0,0,0,5302
西擒王保保,7.0,23,1.99,1496
30.00,116695246484649455252
背负苍天,0,0,0,471
青石剑和四少爷,0,0,0,124
灵兽侠隐·贰,0,0,0,6159
龙游天下,0,0,0,11
爱恨,7.2,12,1.99,324
满城风云乱天下,0,0,0,81
青衫烟雨行【第一册】,0,0,0,2586
飞花录,0,0,1.99,665
桃溪浅处,0,0,0,9660
三彭外传,0,0,0,168
明月夜,0,0,2.99,2157
倾尽天下,0,0,0,159
骑背上的风与寒光《苍月篇》,0,0,0,204
焚天决,0,0,0,257
《龙国英雄传》,0,0,0,436
大雪满弓刀,0,0,0,1032
昔我往矣,0,0,0,1655
点苍剑侠传,0,0,0,5087
六轮花,0,0,0,17
柏拉图的太阳城,0,0,1.99,216
刀之门,0,0,0,5
萧瑟秋风,0,0,0,100
飞羽行,0,0,0,15
武剑浪人,0,0,0,202
妃不惊人王不休,0,0,0,53
《千人同舟万人殁》,0,0,0,11
捉仙伏魔记,0,0,0,378
新安公主,0,0,1.99,827
魄香,0,0,0,472
路遇狂虎,8.0,11,5.99,2509
林门,0,0,0,20
诸人咒（卷一无心咒）,0,0,0,2207
惊鸿侠影录,0,0,0,193
爱欲江湖,0,0,0,138
千睡成仙,0,0,0,149
缺月歌,0,0,0,529
妖精志,0,0,0,15
拂月流风,0,0,0,63
沧海月未明,0,0,0,11114
5.50,35201511110300
生死逆袭,0,0,0,781
10.90,163696151515071495152
5.00,6545413942374231
啸傲江湖,0,0,0,1714
抱素台,7.2,190,1.99,5410
流云记,0,0,0,2712
绑票,0,0,0,194
中州奇侠传,0,0,2.99,172
看新晴,0,0,0,59
一纸江山之七星长剑,0,0,0,73
4.99,178594435363837363636
风雪,0,0,0,197
神龙诀之好小子,0,0,0,21
刀之门,0,0,0,2
同仇录,0,0,0,8572
河图旧闻录,0,0,0,1010
饮雪•桃花春水里,0,0,0,32
看那枫声,0,0,0,9
风铃醉,0,0,0,20
酩酊客栈,0,0,0,89
我的舍友是女装大佬,0,0,0,65
皇朝往事,0,0,0,193
4.99,178594435363837363636
剑行,0,0,0,41
行板如歌,0,0,0,9
白苍龙行,0,0,0,158
河图旧闻录,0,0,0,1010
三圣门,0,0,0,58
轻武侠之蒿里行,0,0,0,2468
踏雪山庄,0,0,0,3823
饮雪•桃花春水里,0,0,0,32
刀剑如梦,0,0,0,4573
看那枫声,0,0,0,9
泛轻舟，话江湖,0,0,0,20
黑皮骷髅,0,0,0,47
桃花客栈,0,0,0,900
魇鸦破梦录,0,0,0,473
明月山庄,0,0,1.99,586
虎枪,0,0,0,231
江湖有我,0,0,0,129
醉梦之剑三旅程,7.4,17,0,10263
救赎,0,0,0,116
木雪冰龙剑,0,0,0,5790
刺客人生,0,0,1.99,561
10.00,5113101210795911
赤子征途,0,0,0,155
沧海渺云楼,0,0,0,17329
三圣门,0,0,0,58
山河浮城：第一部 浮世,6.8,11,0,3015
葫芦江湖,0,0,0,152
华山剑圣录,0,0,0,1276
过去心不可有之西域神剑,0,0,0,16
刀之门,0,0,0,1
秋云无觅处,0,0,0,737
幽云录,0,0,0,46
仙在何方,0,0,0,105
《凌云阁》,0,0,0,236
哈哈哈哈,0,0,0,33
【武侠】我只是店小二,0,0,0,43
玉螭吻,0,0,0,2157
风沙无痕,0,0,0,163
末世唐歌,0,0,0,2028
输香记,0,0,0,1532
袖舞箫剑,0,0,0,8887
已作废,0,0,0,108
7.4,15,10.00,147512301186118611891179114611516246
杀手世家,0,0,0,14
明月夜,0,0,0,296
杀手寂寞,0,0,0,282
侠少年,0,0,0,46
10.00,43192015161824171916
谓我何求,0,0,0,98
剑与狐,0,0,0,213
断刀沉浮录,0,0,0,620
对手,7.4,15,1.99,352
众生日夜相凌迟,0,0,0,323
鲲鹏行,0,0,0,169
绝塞恩仇录,0,0,0,89
末世唐歌,0,0,0,2028
输香记,0,0,0,1532
龙藏记（卷一）,0,0,0,3196
7.4,15,10.00,147512301186118611891179114611516246
圣医,0,0,0,1173
杀手寂寞,0,0,0,282
袖舞箫剑,0,0,0,8887
归去来,0,0,0,8
对手,7.4,15,1.99,352
圣火耀万方,0,0,0,781
绝塞恩仇录,0,0,0,89
鲲鹏行,0,0,0,169
红尘过客，陌路凉人,0,0,0,127
卸甲归龙,0,0,0,57907
漫不经心的侠客,0,0,0,79
翰墨江湖,0,0,1.99,242
霸争,0,0,0,21
夜听风,0,0,0,1048
拳谋,0,0,0,240
东涯龙吟,0,0,0,7
9.4,55,8.00,3763323931673132311330943088310630903088
杀人不眨眼的猫咪臭臭,0,0,0.99,270
灵·传奇,0,0,0,961
十八出少林,0,0,0,116
白玉为堂之三娘煞,0,0,0,198
江狐传之金银山庄,0,0,0,17740
落雪映飞花,0,0,0,27516
灿若如莲,0,0,0,947
天地风云,0,0,0,821
漫不经心的侠客,0,0,0,79
霸争,0,0,0,21
夜听风,0,0,0,1048
东涯龙吟,0,0,0,7
寸身,0,0,0,7033
十八出少林,0,0,0,116
拳谋,0,0,0,240
想当初年少赴江湖,0,0,0,56
游侠赵三炮,0,0,0,68
都市闯江湖,0,0,0,27
青衫传,0,0,0,285
拔元越明,0,0,0,318
斗横场,0,0,0,101
刀，是什么样的刀,0,0,0,382
叶轮,0,0,0,33
雾失楼台,0,0,0,40
飘坠随尘土,0,0,0,77
三国外传,0,0,0,35
大理风云之六脉神剑,7.2,12,0,3309
《罗生门·长安》,7.2,20,0,2466
瑾汐木落——汀兰外传,0,0,0,80
刀戟,0,0,0,31
顾竹传,0,0,0,800
栖凤图,0,0,0,66
月神之血月传说,0,0,0,60
危险小姐,0,0,0,145
4.99,292240216308214207205203206202
刺客无心,0,0,0,2355
江湖散人笔述,0,0,0,779
9.6,115,6.00,118331014999509867983898369788976497639753
招魂行-驭凤骖鹤,0,0,0,1405
疾风小雨,7.8,13,1.99,551
醉意江湖,0,0,0,332
千夜,0,0,1.99,116
掌门,0,0,0,21
寰宇纪年之纵横录,0,0,0,22
天刺门,0,0,0,87
山鬼晚灯记之海上生明月,0,0,0,1647
乱世之下：妖女迷行,0,0,0,2936
逐鹿江州,0,0,0,3277
茫茫浮世·空谷,0,0,0,58
雪,0,0,0,28
短篇画室,0,0,0,19
青箫墨痕,0,0,0,1418
天下无双,0,0,0,300
魔道之楼兰秦人,0,0,0,81
剑舞风云,0,0,0,368
剑·液冷,0,0,0,128
君向帝都,0,0,0,98
去驼月,0,0,0,45
囹圄,0,0,0,218
芥舟,0,0,0,26
绝域飞龙,0,0,1.99,1893
清末武侠四篇,7.2,25,1.99,1009
囚笼,0,0,0,23649
木刀奇缘,0,0,0,689
独夫,0,0,0,1230
侠武王朝,0,0,0,131
山河浮城,0,0,0,11609
6.00,184131123116111108108111109107
《九个人的仇》,0,0,0,13
天动诀,0,0,0,792
《墓碑传》,0,0,0,11
铸剑诀,0,0,0,246
幻剑客,0,0,0.99,122
温柔冢,7.2,21,2.99,922
大河无水,0,0,0,36
7.4,13,3.99,479351335323321307304300300279
千羌柔,0,0,0,53
山风抚云岚,0,0,0,618
蛮荒弑神,0,0,0,96
风雨潇湘,0,0,0,56
阿鼻道,0,0,0,477
一别两宽,0,0,0,260
玉落长安,0,0,0,285
金陵逃课少年,0,0,0,916
39.00,454347321316316290274261261257
碧海心,0,0,0,1432
寸草,0,0,0,1532
大侠不靠谱,0,0,0,45
《晋野风云录》,0,0,0,639
牧歌：云裹篇,0,0,0,6421
奉谷,0,0,0,137
宋时英风录,0,0,0,128
浮生图,0,0,0,164
江湖求职记,0,0,0,79
新江湖传奇,0,0,1.99,79
无限师宠,0,0,0,61
《格桑梅朵》,0,0,0,112
临安柳梦,0,0,0,419
侠盗恩怨之追捕江湖疑犯,0,0,0,152
墨遥,0,0,0,16
易心,0,0,0,337
流剑映雪,0,0,0,178
5.99,563126252726242853
小江湖 追凶,0,0,0,10
江湖安稳：第一卷,0,0,0,2363
黄金错刀白玉装,0,0,0,1803
寻剑录,0,0,0,884
世说新史之明月奇英传,0,0,0,98
玉剑门,0,0,0,182
剑驰晴血帖,0,0,0,661
刀剑画梦录,0,0,0,24
神探慕容,0,0,1.99,504
灵兽侠隐·叁,0,0,0,4589
悟空,7.4,129,0,6771
江湖路,0,0,0,64
希夷门,0,0,0,44
妖狐世家 我是九尾狐,0,0,0,539
《六州·箫笛赋》,0,0,0,323
大侠系统，侠之真谛！,0,0,0,562
青衣蟒袍,7.4,11,0,6332
七杀剑仙,0,0,0,3252
荒诞故事,0,0,3.99,634
新江湖传奇,0,0,1.99,79
北地之北,0,0,0,10
银月洗剑传奇,0,0,0,1068
戏说水浒,0,0,0,40
江湖安稳：第一卷,0,0,0,2363
清平野闻录,0,0,0,72
5.99,563126252726242853
葬花风羽录,0,0,0,563
临安柳梦,0,0,0,419
剑驰晴血帖,0,0,0,661
江湖路,0,0,0,64
易心,0,0,0,337
无边行,0,0,0,24
剑侠张无酒,0,0,0,413
《六州·箫笛赋》,0,0,0,323
侠客列传,0,0,0,201
寻剑录,0,0,0,884
少女的剑,0,0,0,199
银月洗剑传奇,0,0,0,1068
戏说水浒,0,0,0,40
清平野闻录,0,0,0,72
侠客列传,0,0,0,201
葬花风羽录,0,0,0,563
刺客外传·高渐离,0,0,0,587
青音谱,0,0,0,390
玄武之路·黑白巫师,0,0,0,1349
守城,0,0,0,19
白原,0,0,0,107
剑侠张无酒,0,0,0,413
爱与自由乱余生,0,0,0,184
廉蔺棋馆传,0,0,0,603
四野伏狼,0,0,0,72
净出行,0,0,0,11
玄武之路·青皮怪,0,0,0,4340
荒芜英雄路,0,0,0,2861
戏说水浒,0,0,0,40
江湖,0,0,0,12
十三剑,0,0,0,63
清平野闻录,0,0,0,72
葬花风羽录,0,0,0,563
竞逐风流,7.2,75,0,103511
星落昆仑,0,0,0,21
刺客外传·高渐离,0,0,0,587
白原,0,0,0,107
剑侠张无酒,0,0,0,413
守城,0,0,0,19
侠客列传,0,0,0,201
四野伏狼,0,0,0,72
净出行,0,0,0,11
十三剑,0,0,0,63
江湖,0,0,0,12
我们的爸爸号飞船,0,0,0,44
弃卒镖局,7.6,19,0,6880
刀入鞘,0,0,0,2914
竞逐风流,7.2,75,0,103511
幸存者,0,0,0,446
日照断刀录,0,0,0,335
星落昆仑,0,0,0,21
地狱行者,0,0,0,273
龟虽寿,0,0,0,532
玄武之路·青皮怪,0,0,0,4340
碧血丹心之明火金戈,0,0,0,47
短歌行,0,0,0,65
浮生寡欢总寻觅·壹·风波渐起,0,0,0,789
九嶷云梦,0,0,0,2079
永世英雄1：真理之剑,0,0,0,2994
双魂之天下鸿均,0,0,0,45
剑客列传,0,0,1.99,301
荒芜英雄路,0,0,0,2861
火烛烟云剑,0,0,0,21
侠道,0,0,0,3468
溯洄船,0,0,0,74
衡山派,8.2,16,0,11408
玄武之路·青皮怪,0,0,0,4340
玉无尘·山雨欲来风满楼 卷,0,0,0,1206
妖春秋,0,0,0,102
一蓑烟雨任平生,0,0,0,23578
古为今用,0,0,0,1153
惊鸿一梦,0,0,0,490
一笑随风,0,0,0,64
《聚义庄》,0,0,0,193
重山问,0,0,0,4961
逍遥游,0,0,0,302
萧越传,0,0,0,281
秋蓝,0,0,0,11
花间旧时录,0,0,0,58
山风抚云岚,0,0,4.99,815
寻樱祭,0,0,0,469
丘山记,0,0,0,36
神之殇,0,0,0,68
长江门,0,0,0,336
江湖道,0,0,0,101
阳光灿烂的江湖,0,0,0,40
红梅落雪香九步,0,0,0,106
寒戟,0,0,0,3788
双魂之天下鸿均,0,0,0,45
雪襟,7.4,20,0,2026
狠角色,0,0,0,20
蔽月,0,0,0,97
心魔,0,0,0,41
江湖赤子王小侠,6.2,66,1.99,1435
第三座寺,0,0,0,154
秽迹金刚,0,0,0,34
能力成長,0,0,0,62
3.99,117475247455142392010
溯洄船,0,0,0,74
王臣义气尽,0,0,4.99,418
玉无尘·山雨欲来风满楼 卷,0,0,0,1206
盲录,0,0,0,244
庐隐列传之幻天问月记,0,0,0,137
王城风云,0,0,0,14
