另一半故事,6.8,183,0.00,5075
巫术,7.8,146,1.99,5760
黑色脑力波,8.4,103,1.99,8746
圈套,6.2,259,1.99,6564
杀手安妮,6.4,222,1.99,8503
时光好走不送,8.0,1124,1.99,65546
同学会·朋友圈,7.0,671,1.99,52058
四人转,7.8,235,1.99,6528
寻找白鸽,8.6,484,1.99,34884
杀人手滑,7.4,280,1.99,6258
营销大师,8.2,297,1.99,8310
从水饺麻辣烫拉面盖浇饭到满庭芳,7.8,1286,1.99,55804
我的妹妹小莲,8.6,2159,1.99,109829
自由日,8.4,914,1.99,57536
登仙道,8.6,1237,1.99,64642
金城野事,7.6,249,1.99,25068
杀妻指南,7.2,71,1.99,7625
号啕大笑,6.4,394,1.99,22802
粮店一家,9.6,105,1.99,10066
阿馍和他的“六十五”,7.2,221,1.99,12467
看了超开心的“小呜啦的小日记”,0,0,0,919
我的爸爸是最强大脑,7.0,333,1.99,13378
Lucky Dog,7.0,168,1.99,5778
爱情断舍离,6.2,263,1.99,10984
马扎的武林时代,5.6,171,1.99,2381
走进当当山,0,0,0,792
市长王德彪,8.4,424,1.99,22378
顶楼马戏团,7.2,58,0,2664
不忘初心,7.8,327,1.99,22443
长大了，还想看点童话,0,0,0,2525
五星旅馆,5.6,234,1.99,3927
黄鼠狼与鸡,7.8,245,1.98,1.98,6362
家事乱奏曲,7.4,231,1.99,6221
罗图巴、霸和他们的尾巴,0,0,1.99,192
会囧,6.6,291,1.99,22983
鹦鹉,7.6,273,1.99,8415
会飞的博尔卜,7.0,145,1.99,2546
四代同堂,7.4,269,1.99,6310
一只被绑架的猫,7.2,236,1.99,6413
文案万万岁,7.2,500,1.99,54456
求职在囧途,5.8,280,1.99,8558
张扬之死,8.0,334,0.00,21015
峨眉回忆录,8.0,701,1.99,39385
抢红包者死,7.2,467,1.99,31796
超人公社,0,0,1.99,604
驸马别跑,6.6,260,1.99,8285
小镇上的恐龙,7.4,191,1.99,4929
遇见99.9%的直男,6.2,246,1.99,9241
永别了海盗,5.0,162,1.99,1876
荒诞旅行社,6.4,173,1.99,4705
四锦缎,4.6,167,0.00,5525
坏孩子，老混蛋,8.0,409,1.99,37052
脑洞大开故事会,8.0,19,0,54386
微覅之神,7.8,315,1.99,4708
啊？2.5次元,7.4,292,1.99,9494
七天六夜,4.4,251,1.99,8668
演员的自我修养,6.0,269,1.99,5574
三重奏的三种结局,5.8,131,1.99,2003
兰州，兰州,5.6,212,1.99,3771
宜家室,7.2,223,1.99,4776
杀手墩,0,0,0,1586
皇家大案,6.8,145,1.99,3855
下辈子就做你的床单,0,0,0,5205
狐狸照镜,0,0,0,10876
四童院,7.0,194,1.99,5183
女王号历险记,5.2,160,1.99,2574
成人不宜,0,0,1.99,924
蝴蝶效应,6.2,218,1.99,3806
六个人,6.8,260,1.99,6151
朝寐烟河幽故事集,0,0,1.99,434
单口相声之杨家将前传,0,0,1.99,436
红,7.0,297,1.99,7507
并不想要这种召唤术,5.6,192,1.99,3350
老年人自杀小队,6.4,35,1.99,685
我不幸成为武二郎的日子,0,0,0,2792
绝世好男人,7.0,339,1.99,23420
五行缺心眼,3.8,241,1.99,4313
不虚此行,6.0,233,1.99,5578
我们终将回到妈妈的怀抱,8.4,481,1.99,19196
被嫌弃的幽默大师,6.8,270,1.99,9775
忠贞的爱情,6.2,211,1.99,5209
相亲,5.8,296,1.99,10970
一名修车匠的学术之路,7.4,231,1.99,6138
外卖大师,6.2,329,1.99,8061
如何在菜市场邂逅一块漂亮的五花肉,6.8,271,1.99,9232
新地主,7.8,12,0.99,990
落差,6.6,203,1.99,4890
杨柳暗,6.6,173,1.99,3629
这个老师不太冷,6.2,227,1.99,4804
废柴小说,4.8,189,1.99,5433
去北京的路上,6.6,165,1.99,5095
假如你是我女友,6.2,291,1.99,5825
彩蛋,7.4,204,1.99,5688
寻找无双,6.2,157,1.99,4234
一丘之貉,6.4,172,1.99,2837
大笑的午后,8.2,452,1.99,24454
所长,4.6,190,1.99,3101
非常怕冷的人,7.4,17,1.99,3079
后宫也疯狂,5.0,226,1.99,4973
鸽子,0,0,1.99,210
牛郎店与烘焙坊,6.0,112,1.99,9251
干掉博瑞,7.4,198,1.99,4541
杀死房东,7.8,60,1.99,7167
济南一夜,0,0,1.99,828
迷绢记,7.2,418,1.99,37505
蜗婚男女,6.0,208,1.99,7977
地府漫游指南,0,0,0,18555
文明人,7.8,799,1.99,38367
Ti6·西恩刀塔风云录,0,0,0,49
爱礼丝漫游奇遇记,4.6,172,1.99,1829
弧形玻璃畸形人,0,0,0,676
舸悠岛的下流青年,6.0,149,1.99,2723
北狩记（鹿部）,8.0,39,4.99,17428
俗人难当,4.6,162,1.99,3306
伤心喜剧,7.4,58,0.00,14421
故事歪编,0,0,0,225
浮生逐欢,8.6,433,1.99,25162
异域五记,6.2,140,1.99,2465
一个葬礼和四个婚礼,6.2,215,1.99,3395
笨小姐日记,0,0,0,12
贾。宝玉,0,0,0,9299
至正枭雄传,7.0,159,1.99,3914
成人礼,4.8,237,1.99,5438
通往无人区,6.6,164,1.99,3465
郝壮与李婷婷,0,0,0,619
祝小羊和李吉的故事,0,0,0,4
五线爱情故事,6.2,171,1.99,3748
成不思议,0,0,0,2005
好汉饶命,0,0,0,285
猛兽,5.4,146,1.99,2095
夏天、烟火、十八岁的游走鲸,7.4,199,1.99,3943
我是喜剧演员,6.0,177,1.99,3988
鹿死谁手,6.0,194,1.99,3745
真爱无价之机缘巧合,4.0,151,1.99,2155
变形记,0,0,1.99,143
凌晨两点麦当劳的炸鸡翅,0,0,0,19
临时导游与她的怪旅客们,5.2,232,1.99,5196
我们挥之不去的乡愁,6.8,181,1.99,4107
和德国小鲜肉同居的日子,0,0,0,3545
玉帝记,4.4,215,1.99,2979
和你一起,5.6,177,1.99,5012
我和一只特立独行的猪（上）,0,0,2.99,1308
圣堂黑帮,0,0,0,136
点石成金,6.4,157,1.99,2670
金山金山,7.4,175,1.99,3456
秃头小丑,5.2,145,1.99,1796
何大光再正常不过的花季,7.2,203,1.99,4558
观堂村纪事,0,0,0,40
无房，婚否？,6.2,228,1.99,5209
赵根大死亡事件簿,0,0,0,3716
杀人犯是撒旦,6.4,177,1.99,2395
东南西,7.0,189,1.99,4658
现在进行时,6.4,535,1.99,24134
