岛上七个未解之谜,7.6,14,1.99,1614
人间,0,0,0.00,1066
记林静华的日本高中生活,8.8,587,2.99,126116
我们都一样孤独无依,8.8,984,4.99,202755
天空之城,7.8,20,4.99,3841
茉生,9.2,206,0.00,45536
勇闯天涯,8.8,348,0,33096
生命中的一年,9.0,73,0.00,12385
生瓜,7.8,36,5.99,12867
青青陌上桑,0,0,0.00,3121
路过你的青春和远方,9.0,65,0.00,20853
男友说我得了抑郁症,8.4,521,0,831404
故事里的事,9.2,309,0,67095
九月火车,7.6,64,7.00,6261
那段时光,0,0,0.00,1767
总有迷路的胖子在阴影里虔诚地渴望明天,7.8,228,0.99,26764
耶鲁爱情故事,9.0,303,0,637878
游戏机往事,8.0,15,0.00,1504
狗背上的童年,0,0,3.99,923
杯嵩剧院,0,0,4.99,1234
笼中男孩,7.2,114,0,10731
那些花儿,0,0,4.99,1515
一个无所事事的男人,7.0,45,0.00,930
白日梦想家,0,0,0.00,366
那时我们这样恋爱,7.6,654,1.99,38666
林兆寒,8.4,17,4.99,8003
天蓝蓝,7.0,24,1.99,3152
小卡亲启,9.2,18,0.99,0.99,5358
古老的敌意,7.2,12,0.00,1148
东山再起,7.8,17,0.00,868
月见的岛屿,8.4,14,4.99,9937
胧月浮生,6.0,114,1.99,6487
我们踩着风,9.0,47,1.99,28826
时光如你,0,0,0,3416
少年阿珵,8.8,64,4.99,18196
成长的隐痛,8.6,66,1.99,9406
风动草的年华,0,0,1.99,1403
执著一泪落成书,0,0,0,183
不完美公路之旅,7.2,12,4.99,714
寻觅夜色的星空,7.6,16,0.00,1229
二十四桥明月夜,0,0,1.99,673
晦涩艰深的舌吻练习,0,0,1.99,478
骨头收藏家,7.8,67,1.99,2363
展翅高飞,0,0,4.99,2461
热天午夜,6.4,17,0.99,1116
可爱的木头 — 85后成长记,9.6,58,0,341036
学子的江湖,6.8,15,0.00,1641
来，坠落,7.8,23,0.00,3818
夜莺,0,0,4.99,1881
不止是阉割,9.2,84,0.00,30593
云胡不喜,7.2,31,1.99,4972
火烈鸟不语,8.0,14,0.99,423
那一年,0,0,1.99,1033
二十有八,0,0,0.10,0.10,257
再见，我们的六年,9.2,331,0,1813682
恰年少,9.4,45,0,391250
堕落,8.0,326,0,13840
西花园,0,0,1.33,1.33,398
青春，无须多言,8.4,273,0,55860
未转头时是梦,0,0,4.99,1243
三秋的夏天,9.4,56,4.99,13508
心生,0,0,1.99,639
你是年少的欢喜,0,0,1.99,363
粗糙的，敏感的，懦弱的,8.0,32,1.99,8071
垂死坚持,8.8,96,0,17147
理想,8.0,608,0,12113
寂静的声音,8.8,86,4.99,10794
少年阿亮自杀前夜的最后一封长信,0,0,2.99,924
爱情理论家,0,0,1.99,488
石头记,8.2,13,3.99,2216
陪你忘记我,8.0,48,5.99,26564
逗号，句号,8.2,44,1.99,4771
通俗岁月,8.4,11,5.99,7000
茶杯里的鱼女孩,7.6,11,1.99,873
红墙,8.6,41,1.99,4216
沙与沫,7.6,31,0.00,1200
惊蛰,7.6,29,1.99,1328
阿兔,0,0,1.99,830
女博士,8.2,116,1.99,6432
他们不是虹城人,0,0,3.99,299
肥皂,0,0,1.99,814
交易的背后,0,0,0,63074
和抑郁症患者在一起,7.4,58,0.99,5871
长命锁,8.0,33,1.99,873
渴望衰老,8.8,69,0.42,0.42,2785
明明如月,0,0,0,11
马里奥,6.6,15,1.99,1163
十八的姑娘一朵花,0,0,1.99,997
男人们都在聊什么,7.8,92,1.99,7459
虫珀,0,0,0,27051
辍学记,8.8,34,1.99,1478
一只草履虫的实验室见闻录,0,0,0,4
那些微不足道的食物和青春,9.0,268,1.99,25350
我们,0,0,1.99,940
失业以后，明天以前,6.8,23,1.99,1332
两可间,8.0,158,1.99,3762
深林见鹿,7.0,91,1.99,7571
流水无情,0,0,0,61
麻雀工厂,8.2,25,1.99,1711
少年与海,0,0,1.99,1821
壁柜里的吹陶人,7.8,53,0,8999
寂寞少年心,0,0,1.99,407
一年,7.2,17,2.99,1814
是爱情？是生活。,0,0,2.99,1956
战国三部曲,6.8,26,0.99,1572
海岛,0,0,1.99,486
鹿角花园,8.6,35,1.99,3636
白银时代,0,0,0.00,2796
赵小姐的二十七次相亲,7.4,48,0,77537
冷风吹乱少年头,8.4,28,1.99,1769
失恋故事,7.8,14,0,16195
他们都走远了,0,0,1.99,308
新青年,0,0,1.99,135
再见，这世界,0,0,4.99,3156
透明,0,0,1.99,458
空城,0,0,2.99,1082
往日留书,7.0,189,1.99,5900
我盛放的年纪，谢谢你能来,8.2,132,1.99,11596
岁月流水细含沙,0,0,0.00,126
我们，我们,8.4,53,1.99,4640
莲花三少,0,0,1.99,700
远在远方的风,7.0,53,0.99,1409
一切皆有时,0,0,0.99,694
9.4,295,4.99,31994305083066730812314763358639088382353309730403
小甲总是一个人,6.4,129,0,2772
469163147136121010131720
前后,0,0,0,11
来者何人,0,0,1.99,108
另一种青春,0,0,2.99,1029
逃出离西镇,0,0,1.99,1016
装模作样,0,0,3.99,266
江湖儿女,0,0,1.99,357
时雨,7.8,39,1.99,2547
所有消失不见的云,0,0,0,1504
岛,0,0,0,343
跑步到河堤上去,0,0,1.99,209
你好，生活@,7.6,13,0,37556
好大一个女同学,8.2,27,1.99,4713
沸点酒吧的一星期,0,0,1.99,106
少年,0,0,2.99,474
彼岸的爱,0,0,1.99,253
七迷,0,0,1.99,183
小小学,8.0,34,1.99,1400
蓝莓山,6.8,37,0,3905
入夜的窗灯里藏不住胖子,7.8,21,0.99,1337
那年晴天,0,0,0,99
三年一班,0,0,0,9
侧卧于时光的道路中央,6.8,43,0,5243
我乘的那条船,0,0,3.99,114
抗战我们正青春,0,0,6.99,188
Across The Universe,0,0,0.99,421
网吧爱情故事,7.6,30,0.99,2042
2020高中时代,0,0,1.99,1200
航行在极光森林,7.4,14,1.99,1545
失贞年代,7.4,12,1.99,1698
听，爱情的声音,0,0,2.99,1011
热带植物,8.2,25,3.99,4160
少年往事,9.2,37,4.99,14836
类似爱情,7.4,16,1.99,652
黑白国,7.4,11,0,2352
不眠飞行,0,0,1.99,222
蛹,0,0,3.99,1740
仓猝,7.8,41,0.99,2315
再见，满树花开,0,0,3.99,2983
四个我,7.8,117,2.99,14771
就是如此,8.2,12,1.99,730
很久以前，很久以后,0,0,1.99,19
归乡,7.8,40,0,15849
那年秋天,0,0,2.99,1075
寻找大象,0,0,3.99,907
至上疯癫,0,0,1.99,544
夕柳河少年往事,0,0,0.99,233
“哔”一声之后,7.8,19,1.99,1905
单行列车,7.2,11,2.99,1300
毕业生,0,0,1.99,1256
象牙塔,0,0,1.99,207
荆轲，哪吒,0,0,1.99,1451
余生无悲欢,0,0,1.99,702
谎言,8.0,48,2.99,6235
头戴内裤的人,0,0,1.99,395
三角形的不思议定理,0,0,0.01,0.01,339
宠儿,8.4,70,1.99,4867
莫失莫忘,0,0,1.99,793
世界,0,0,0.99,356
隙间白驹,8.0,12,2.99,2849
寻找失去的那一厢疯狂,8.4,93,4.99,10758
那时花开,0,0,1.99,328
爱在空中楼阁上,0,0,1.99,185
狗狗之死,0,0,1.99,291
没有爱,0,0,1.99,443
在北京的深海上,8.4,100,3.99,7413
爱有长短,7.8,11,2.99,842
青春万重山,0,0,4.99,1785
白月光,0,0,1.99,329
不良教育,7.4,33,1.99,2619
二十三岁的杀鱼故事,8.2,12,2.99,1423
灯塔女孩与流浪男孩,7.4,11,2.99,1769
十七岁少年之死,0,0,1.99,797
7.4,15,3.99,1126724697623595582531511453452
白驹之书,0,0,3.99,84
泽林皓月,0,0,1.99,362
竹子林的林子竹,6.8,16,1.99,1093
一九九一年的柏拉图,0,0,1.99,988
从来不知想拥有多少的理想,0,0,1.99,908
2004：坏学生文集,7.2,21,1.99,246
陪你度过春夏秋冬,7.8,21,1.99,2373
惶恐成长三大题,7.8,16,5.99,1476
结婚,7.6,13,1.99,2164
大好头颅,0,0,2.99,1597
世界之巅,0,0,0,633
成长史,0,0,1.99,1247
尘际,7.2,33,1.99,1428
关于周莉莉的一切,0,0,1.99,287
无心可猜,6.8,43,1.99,1199
窗帘,0,0,1.99,337
银发少女的时光岁,7.8,11,0.99,771
夏天过去了,0,0,1.99,1968
故乡的原风景,0,0,1.99,326
天狗食日,0,0,1.99,595
叮当熊的自卫术,0,0,0,891
三色堇,5.8,56,0,23918
少年维特别烦恼,9.0,42,0,48334
天使可曾离开过,0,0,0,18
轻轻,0,0,1.99,1161
黑社会往事,0,0,1.99,471
我们在童年干什么,0,0,1.99,726
潇洒走一回,0,0,1.99,248
生活小事,0,0,0,13
我和徐先生的十年友谊,0,0,0,16
逃离,8.0,35,1.99,3084
雨,0,0,0.99,597
悄悄青葱恋,0,0,0,861
神雕侠侣,0,0,1.99,305
岁月间,0,0,1.99,467
春泪,0,0,1.99,167
雏鸟,0,0,1.99,888
来日方长,0,0,0,60
十年往事涌至心头,7.0,482,1.99,18134
我曾想陪你虚度时光,0,0,1.99,961
对窗,0,0,4.99,746
秘镜,0,0,1.99,528
过年,7.6,26,1.99,1198
我的青河镇,8.0,14,0,2133
严肃的高跟鞋,9.4,17,0,69317
54路,0,0,1.99,71
不是每个标榜着夏天的日子都是炎热的,7.6,18,1.99,649
像风一样自由,0,0,1.99,31
风来过,0,0,1.99,73
二八年华,0,0,2.99,628
林二小姐,0,0,2.99,113
离亭燕,0,0,0,1627
伤逝,0,0,1.99,1634
凉菜,0,0,1.99,7
抛物线,0,0,1.99,215
拾肆作品,0,0,2.99,1574
一半海水，一半蓝,0,0,1.99,127
少年已乘白鹤去,7.4,32,1.99,2236
六盎司咖啡,8.6,17,0.00,3394
让我们爱着仓皇老去,0,0,1.99,899
沸水中的青蛙,0,0,1.99,332
少年米苏的26个字母,7.0,11,4.99,2136
平凡而可爱的少年时光,0,0,1.99,474
水影日落,0,0,1.99,48
停电之间,7.6,26,2.99,2869
灰色年轮,0,0,1.99,49
薄荷蜜,0,0,0,6
爱慕,0,0,1.99,156
最后的青春,0,0,0,4165
青梅竹马,0,0,2.99,260
七七小姐的快乐假期,6.8,17,1.99,632
我被迫相亲的理由,0,0,0,5596
嗨！你好，再见,0,0,1.99,237
傻瓜流水帐,0,0,0,1
游泳池,0,0,3.99,150
收不到的情书,0,0,0,6415
它是圆的,0,0,1.99,651
那些年，童话里也有一个三国,0,0,1.99,14
毕业季特写,7.2,22,0.99,4229
贝蒂的深切怀念,7.2,27,2.99,388
飞扬少年时,0,0,1.99,52
北方以北,0,0,2.99,613
大鼻公的小屋,7.4,12,2.99,626
早安,7.2,12,1.99,1411
摩托花园,7.6,12,1.99,532
未曾深爱已言别,0,0,1.99,386
蜜糖爸爸Sugar Daddy,0,0,0,99
纸片人,7.6,22,1.99,1371
偏爱,0,0,1.99,544
落满红蜻蜓的夏天,0,0,1.99,113
睡在海岸线的少年,0,0,0.99,248
洞,7.4,11,0.99,281
一段青春,0,0,1.99,92
关于郑州的记忆,6.0,71,1.99,5193
我们能否相信爱情,0,0,1.99,157
一个故事,7.4,22,4.99,252
白鸟翔集,6.4,144,1.99,13443
秋刀鱼之恋,8.2,229,0.99,11592
一杯敬你，一杯敬远方,7.2,13,1.99,377
那个夏天曾等我去买避孕套的女孩呢,0,0,1.99,898
犯罪回忆录,6.0,134,1.99,5886
雨来散,0,0,1.99,601
记忆,0,0,1.99,933
光“灰”岁月,0,0,4.99,355
砥砺青春,0,0,0.00,2361
何秧何样,8.4,459,0,14113
午夜睡美人,0,0,1.99,1153
预言,0,0,1.99,293
永恒的旋律,7.2,18,0,1935
遗孀,0,0,0,18987
少年时代,0,0,1.99,417
清歌有修期,0,0,1.99,58
迷失凡尘,0,0,1.99,516
亲爱的小婷,0,0,2.99,861
小学六年级,7.8,11,0.99,1217
巫山小城,0,0,4.99,992
白日烟花,0,0,4.99,890
JOKERS,0,0,0,7
有多少人曾爱慕你年轻时的容颜,0,0,1.99,846
我的大学,0,0,4.99,2111
红色时代,7.2,24,1.99,1670
小屁孩的初恋,0,0,1.99,973
最后一片海市蜃楼,6.6,36,1.99,562
木马纪,0,0,1.99,202
时差,7.6,25,4.99,3690
魔笼里的姑娘,0,0,1.99,640
预料之外,6.2,29,1.99,2309
芜杂集,0,0,2.99,217
麒麟下落不明,0,0,0.99,295
我们的生活,0,0,2.99,371
无人知道的秘密,0,0,1.99,1127
末等天使,7.2,32,1.99,2369
鸽子,0,0,1.99,545
橙皮,0,0,0.99,259
十年,0,0,1.99,39
你去了城市的另一边,0,0,1.99,979
爱如捕风,7.6,11,1.99,959
等待（上篇）,0,0,1.99,401
风信,0,0,0.99,257
近日点,0,0,1.99,352
昨晨犹晴,7.6,12,1.99,1187
闭眼少年,0,0,1.99,370
距离,7.2,11,4.99,730
狂喜,7.2,22,0.99,1413
月光被黑暗吃掉,0,0,1.99,1036
怒放,0,0,1.99,399
合欢镇的小樱桃,0,0,1.99,675
青色时代,0,0,0.99,428
无处祭奠,7.6,13,1.99,490
无声的荒野,0,0,1.99,69
无根的野草,8.4,124,0,5688
灰色的天空不落泪,0,0,1.99,564
戴草帽的男孩,0,0,1.99,988
明媚森林,0,0,0.99,969
最后我们选择以这样的方式结束陪伴,0,0,1.99,624
醉卧沙场君莫笑,0,0,1.99,325
青春泛黄,7.6,231,0,32159
他睡在夏天十七岁,0,0,1.99,187
听她说,0,0,1.99,165
消失之前,0,0,1.99,110
烟与世纪末理想,0,0,1.99,741
第一学历,0,0,0,122
远方,0,0,1.99,515
渭水生花,0,0,0,3
她城旧梦,0,0,0,1
葬色青春,0,0,1.99,371
你若知情我便留意,0,0,0,535
微风消失的夏季,6.6,13,1.99,1173
少年的歌,0,0,1.99,402
好汉,0,0,1.99,409
青春,0,0,1.99,150
恰同学少年,0,0,0,38
白棉花,0,0,1.99,846
灯塔·K,0,0,0.50,107
迹,0,0,2.99,999
寒假餐厅,0,0,1.99,115
暗恋十余载,0,0,0,360
中学往事,0,0,0,76
猫的尾巴,0,0,1.99,233
六盎司咖啡,0,0,0,221
北京，请回答2005,0,0,4.99,5053
青春斜阳,7.0,16,2.99,6601
看不见的风景,0,0,0,44
梦游少年,0,0,1.99,251
痒3,0,0,0.99,486
分数至上主义,0,0,0,67
蓝朋友·绿朋友,0,0,1.99,905
神童死亡回忆,7.6,12,1.99,620
傻时光,0,0,4.99,645
冷暖自知,7.6,49,0,13454
罗马记,0,0,4.99,279
纯真心灵,0,0,0.99,582
再见了，姑娘,8.8,338,0,1088162
白驹过隙,7.2,43,1.99,3375
我要带你去一个地方,0,0,1.99,929
如果中的孩子,0,0,0.99,242
私人的理想国,7.0,69,1.99,1330
自白,0,0,1.99,147
青春·古意,0,0,1.99,418
罗马记,0,0,4.99,279
天下没有不散的筵席,0,0,2.99,356
海豚先生,0,0,2.99,1467
只放烟花没意思,8.4,14,1.99,1856
优雅的慢四,0,0,1.99,95
光阴的故事,7.4,12,1.99,734
无处告别,7.2,16,0.99,1256
小孩因此沉默了十年,0,0,1.99,1552
打架的少年,0,0,1.99,249
海岸线一英里,0,0,2.99,588
淼灵湖,0,0,1.99,267
苏素,0,0,1.99,70
猫人,0,0,1.99,215
你觉得这是一个好的故事吗？,0,0,1.99,235
少年游,0,0,2.99,248
等待（下篇）,0,0,1.99,317
像处男一样奔跑,7.2,16,1.99,1166
少女夸父,0,0,1.99,38
世纪末青春,0,0,5.99,1998
坐在石头上的女孩儿,0,0,1.99,234
最后一个夜晚,6.0,79,1.99,4906
且去翻墙,0,0,1.99,285
追自行车的少年,0,0,1.99,170
海豚先生,0,0,2.99,1467
芮雪,0,0,1.99,1521
恍惚,0,0,1.99,159
翻墙,0,0,1.99,120
西北桥,0,0,1.99,152
迷航记,7.2,26,3.99,1937
渤海湾日记,0,0,1.99,464
在沉默中灭亡,0,0,1.99,238
桃红半开,0,0,1.99,176
落雨记（中）：情迷南京,0,0,3.99,563
勒住全身,7.0,12,0.99,864
校傲江湖,0,0,1.99,539
菁菁者莪,0,0,1.99,43
鼠辈（外一篇）,0,0,1.99,730
像南方一样蓝,0,0,2.99,735
赴世,0,0,1.99,340
罪槐,0,0,0,1112
逃亡,8.2,22,2.99,2023
三本小说家,0,0,0,193
病,0,0,1.99,34
像冰那样燃烧,0,0,2.99,713
夜遇,8.0,16,1.99,776
最好的时光,7.4,13,3.99,2424
上海动物,0,0,4.99,387
鱼找水 需时间,8.6,19,0,100507
他是怎么变成孤儿的,8.4,34,1.99,2546
我是个年轻姑娘,7.4,14,1.99,2944
春猫夏狗,0,0,1.99,1422
青春离散曲,0,0,0,24
我的自由年代,0,0,0,77
笑行江湖,0,0,0,19
预知未来,0,0,0,29
8090相亲记,0,0,0,201
蓝风铃的味道,0,0,0,29
刺客外传·高渐离,0,0,0,587
空巢青年,9.0,26,0,12942
青春的痕迹,0,0,0,631
逐日,0,0,0,499
对不起，不应该忘记你,0,0,0,350
大海是时光的琥珀,0,0,0,1300
不过一场初恋,0,0,0,208
烧烤青春,0,0,0,479
昨夜的幸运草,0,0,0,19
处男的二十四小时,0,0,0,1715
一腔孤勇与余生,0,0,0,28
4.99,107756272
用我一生拥抱你,0,0,0,995
冷少霸爱迟钝丫头,0,0,0,198
我们几个好青年,0,0,0,16
青春离散曲,0,0,0,24
我们的青春,0,0,0,172
不是他处，正是此刻,0,0,0,18
海边的丁香,0,0,0,11
麦田怪圈,0,0,0,87
末梢的青春期,0,0,0,21
天亮时我将拈花，你会微笑吗,0,0,0,36
中年少女也北漂,0,0,0,306
合不上的书,0,0,0,47
青春的痕迹,0,0,0,631
在最美的年华遇见你,0,0,0,51
雪原,0,0,0,151
好好说,0,0,0,10
拉蓬特街8号,0,0,2.99,1338
《时光能缓，故人不散》,0,0,0,24
四色岛,0,0,1.99,323
《一只鸟，在路上》,0,0,0,52
5524464063983718060161615
阿香的图书馆员养成记,0,0,0,174
风雨中，这点痛，算什么,0,0,0,776
巢南,0,0,0,39
砥砺前行,0,0,0,1
旧日时光中的少女,0,0,1.99,578
遇见彩虹般的你,0,0,0,27
造闹钟的人,0,0,0.99,69
我们的青春,0,0,0,172
海边的丁香,0,0,0,11
顾连城,0,0,0,5047
关卿何事不成眠,0,0,0,21
不是他处，正是此刻,0,0,0,18
天亮时我将拈花，你会微笑吗,0,0,0,36
在最美的年华遇见你,0,0,0,51
雪原,0,0,0,151
好好说,0,0,0,10
《时光能缓，故人不散》,0,0,0,24
被讨厌的半生,0,0,0,13574
奇幻青春,0,0,1.99,138
厨房人在上海,0,0,0,1190
刍狗·倾城,0,0,0,292
6.99,1465342434054023
勿忘我,0,0,0,139
那一场青春叫爱情,0,0,3.99,2621
九曲,0,0,1.99,591
我想变成条鱼,0,0,0,1743
我的世界，唯你不可,0,0,0,1119
而立之前,0,0,0,142
咖啡集,0,0,0,571
金色笔记,0,0,0,891
4.99,112837469697068532
6.99,307239224212173155159221125
师大旧事,0,0,0,27636
活着，杀了你真好,0,0,2.99,480
暧昧与苦涩,0,0,0,9712
失眠的种子,0,0,0,191
非典型少女集中营,0,0,0,336
那一个冬天的浪漫夜晚,0,0,0.99,69
寝室里的煮泉社,0,0,0,1848
柠檬树下,0,0,0,798
白藏应节,6.2,34,0,7295
初夏那年,0,0,0,20
被讨厌的半生,0,0,0,13574
厨房人在上海,0,0,0,1190
奇幻青春,0,0,1.99,138
关卿何事不成眠,0,0,0,21
那时初雪,0,0,0,76
请别错过最后花期,0,0,1.99,599
九零青年通事,0,0,0,3508
绝版青春,6.2,220,0,6442
莫小暖深圳记,0,0,0,6468
1491059015855341
七城记,0,0,0.99,138
初夏那年,0,0,0,20
被讨厌的半生,0,0,0,13574
厨房人在上海,0,0,0,1190
维多利亚的秘密,0,0,0,1328
19599982622
乌托旅馆,0,0,0,1005
奇幻青春,0,0,1.99,138
爱是无法抵达的远方,0,0,0,1068
时光影子俱乐部,0,0,0,1150
9.99,18289675151624250117
黑白岁月,0,0,0,3656
5.99,133181414
烟城,7.4,39,0,19281
blueblue,8.2,41,0,43286
或许错过的青春,0,0,0,145
寂寞花城,0,0,0,2279
敲开天堂的门,0,0,0,1485
寂灭,0,0,0,657
3.99,11668621014
1.99,1601079686829582687672
6.99,128010911055104110221020100599910031000
那年我们学会飞,0,0,0,343
与子成说,6.6,31,1.99,1314
爱的代价是长大,0,0,0,28020
夜昙炽热,0,0,0,64
4.99,1574154417002152167814451401138813791397
遇见你，是为遇见我自己,0,0,0,1101
青竹,0,0,0,19
流泪的狗,0,0,0,83
爱是无法抵达的远方,0,0,0,1068
时光影子俱乐部,0,0,0,1150
莫小暖深圳记,0,0,0,6468
9.99,18289675151624250117
1491059015855341
夜昙炽热,0,0,0,64
6.99,128010911055104110221020100599910031000
或许错过的青春,0,0,0,145
寂寞花城,0,0,0,2279
与子成说,6.6,31,1.99,1314
寂灭,0,0,0,657
爱的代价是长大,0,0,0,28020
九零青年通事,0,0,0,3508
1.99,1601079686829582687672
5.99,133181414
维多利亚的秘密,0,0,0,1328
19599982622
乌托旅馆,0,0,0,1005
4.99,1574154417002152167814451401138813791397
黑白岁月,0,0,0,3656
叫做家的地方,0,0,0,426
飘摇,0,0,0,28
流泪的狗,0,0,0,83
子弹死跳舞,0,0,0,399
青春荒芜,0,0,0,1124
烟火苍歌,4.6,66,0,2640
心河之旅,0,0,0,1131
马路少年,0,0,0.99,268
6.99,57730521782343423253056
灯光球场,0,0,0.99,191
从地平线到心湖,0,0,0,65
少年凶徒,0,0,0,1896
蓝雪卿飞,0,0,0,231
生有余安,0,0,0,59
和文艺女青年谈恋爱的日子,0,0,0,7163
花开最好时,0,0,0,6038
我的编辑不可爱,0,0,0,1794
白孔雀,0,0,0,886
天雨黄土,0,0,0,1144
得偿所愿,0,0,0,540
翡翠公园,0,0,1.99,86
青春的简体诗,0,0,0,5674
《遗途Ⅰ》,0,0,0,3349
海上浮山,0,0,0,1156
那样的歌曲,0,0,0,202
忽梦少年,0,0,0,214
乐园,0,0,1.99,290
坏未来,0,0,0,344
离城纪,0,0,0,100
假如是你,7.6,11,0,4227
人猴之间,7.2,182,1.99,10294
原谅我的年少轻狂,0,0,0,1502
风带来的不要是离别,0,0,0,304
遥与我心中的秘密,0,0,1.99,318
春江花月夜,0,0,0,680
7.6,65,12.00,10402751371967845745472597334737644954124
韶华渐逝,0,0,0,9
他的猫，与众不同,0,0,0,1370
味道,0,0,0,12
韶华渐逝,0,0,0,9
他的猫，与众不同,0,0,0,1370
给你一瓶橘子味汽水,0,0,0,6
我的编辑不可爱,0,0,0,1794
白孔雀,0,0,0,886
风带来的不要是离别,0,0,0,304
青春的简体诗,0,0,0,5674
6.99,57730521782343423253056
天雨黄土,0,0,0,1144
《遗途Ⅰ》,0,0,0,3349
海上浮山,0,0,0,1156
忽梦少年,0,0,0,214
乐园,0,0,1.99,290
那样的歌曲,0,0,0,202
离城纪,0,0,0,100
假如是你,7.6,11,0,4227
心河之旅,0,0,0,1131
人猴之间,7.2,182,1.99,10294
原谅我的年少轻狂,0,0,0,1502
7.6,65,12.00,10402751371967845745472597334737644954124
坏未来,0,0,0,344
春江花月夜,0,0,0,680
花开最好时,0,0,0,6038
来吧，爱的搭档,0,0,0,4209
山远路遥,0,0,0,54
公路故事,0,0,0,16
得偿所愿,0,0,0,540
乘着莲叶来的阿树,0,0,0,296
理想de国,0,0,0,36
红莲,0,0,0,217
海上浮山,0,0,0,1156
忽梦少年,0,0,0,214
乐园,0,0,1.99,290
坏未来,0,0,0,344
离城纪,0,0,0,100
加权平均数,0,0,0,34
成都,0,0,0,112
青春的简体诗,0,0,0,5674
原谅我的年少轻狂,0,0,0,1502
那些弥足珍贵的旧时光之后生可畏,0,0,0,161
那样的歌曲,0,0,0,202
春江花月夜,0,0,0,680
天雨黄土,0,0,0,1144
小姑奶奶纪事,0,0,0,270
奇谈手贴,0,0,0,144
6.99,2053158214781440139514741540145613511244
医学院往事,0,0,0,2013
谢谢你路过我的青春,7.8,261,0,235638
南京爱情故事,0,0,0,19862
小象南行记,0,0,0,1583
减肥大作战,7.8,18,1.99,2275
295172154141129135139127128128
流浪,0,0,0,97
7.6,164,14.99,441331784054303430221165877812792975
3.99,362317311304303296291286286285
英雄时代,0,0,0,281
昔日的审判,0,0,0,34
面具的背后,0,0,0,865
我秘密地爱上你,0,0,0,4808
李小风的后青春时代,0,0,0,101
遇见 · 海上星月梦,0,0,0,1751
未早集,0,0,0,475
你的身体是个仙境（全本）,0,0,0,13282
小姑奶奶纪事,0,0,0,270
6.99,2053158214781440139514741540145613511244
你的身体是个仙境（全本）,0,0,0,13282
十二种离别,0,0,0,2642
英雄时代,0,0,0,281
小象南行记,0,0,0,1583
寂静,0,0,0.99,343
295172154141129135139127128128
减肥大作战,7.8,18,1.99,2275
未早集,0,0,0,475
梦·昏黄,6.6,15,0,1291
1991019489898585121
我秘密地爱上你,0,0,0,4808
3.99,362317311304303296291286286285
云缝,0,0,0,285
遇见 · 海上星月梦,0,0,0,1751
7.6,164,14.99,441331784054303430221165877812792975
少年国,0,0,0,1246
听海,0,0,0,807
黑夜的孩子,0,0,0,2489
小姑奶奶纪事,0,0,0,270
梦·昏黄,6.6,15,0,1291
十二种离别,0,0,0,2642
风散,0,0,0,75
少年国,0,0,0,1246
桦树谣,0,0,0,35
那悄无声息的,0,0,0.99,389
请您不要太屌好吗,0,0,0,5
我秘密地爱上你,0,0,0,4808
1991019489898585121
云缝,0,0,0,285
未早集,0,0,0,475
寂静,0,0,0.99,343
听海,0,0,0,807
黑夜的孩子,0,0,0,2489
左落年华,0,0,0,75
如此生活三十年,0,0,0,11850
疯人客栈,0,0,2.99,170
风散,0,0,0,75
桦树谣,0,0,0,35
似曾相爱,0,0,0,1324
请您不要太屌好吗,0,0,0,5
最好的故事,0,0,0,3650
2.99,21412194879291901018789
万水千山说再见,0,0,0,1786
圣亚尼节前夕,0,0,0,20028
南城旧事,0,0,0,1317
独角戏,0,0,0,1456
旧年不复,0,0,0,7088
花枝乱放,0,0,0,7488
愿你暗夜跌倒，莫盖住我之哭声,0,0,0,312
裸爱,0,0,0,165
最后的不死鸟,0,0,0,216
单身你早,0,0,0,15565
我的男朋友跟女朋友,0,0,0,2324
0.99,190113116105115107109302427
疯子中学,0,0,1.99,420
我们的故事不凄美,0,0,0,500
敬我们回不去的夏天,0,0,0,1660
少年面前一条流逝的河,0,0,0,4856
阿芙,6.4,309,1.99,8005
呓人,0,0,0,230
断乳期,0,0,0,2962
小的揭示,0,0,1.99,45
最清凉处是繁华,0,0,0,391
一段往事的过往,0,0,0,16
四格恋爱物语,0,0,0,649
把最美好的时光留住,0,0,0,126
秋日午后,0,0,0,17
你永远是那颗星,0,0,0,533
一诺是千金,0,0,0,64
半亩方塘,0,0,0,24
一个月面试60家公司,0,0,0,977
石榴挂满枝头,0,0,0,541
我们的二十岁,0,0,0,331
亲爱的你别来无恙,0,0,1.99,102
微风拂江过,0,0,0,106
路少,0,0,0,1636
一个逃兵,0,0,0,1445
路边少女辞职记,7.6,13,1.99,878
李明希的苦色青春,0,0,0,6
校花,0,0,0,1950
方圆几里,0,0,0,613
能不能对我好一点,8.0,31,0,7786
最清凉处是繁华,0,0,0,391
悉尼：无法兑现的爱,0,0,0,3983
把最美好的时光留住,0,0,0,126
秋日午后,0,0,0,17
三十,0,0,0,12
一诺是千金,0,0,0,64
南 山,0,0,0,130
一段往事的过往,0,0,0,16
一个月面试60家公司,0,0,0,977
我们的二十岁,0,0,0,331
亲爱的你别来无恙,0,0,1.99,102
路边少女辞职记,7.6,13,1.99,878
路少,0,0,0,1636
雪又下了,0,0,0,169
一个逃兵,0,0,0,1445
她大一 我大三,0,0,0,178
李明希的苦色青春,0,0,0,6
《那些年追过的女孩》,0,0,0,16
方圆几里,0,0,0,613
校花,0,0,0,1950
折翼的天使,0,0,0,38
后大学美漂时代,0,0,0,56
那场大风里的我们,0,0,0,34
折翼的天使,0,0,0,38
后大学美漂时代,0,0,0,56
一场游戏,0,0,0,4472
何往,0,0,0,6358
献给我们爱过的人,7.8,22,0,35045
38835732430430421913129
左兜里的右手,0,0,0,119
放浪记,0,0,0,1277
指尖燃烧的青春,0,0,0,5854
那年青山那年情,0,0,0,998
阳阳,7.2,11,0,29324
寒与温,0,0,0,11690
7.8,57,10.00,2364818628145655827452251394774439036003356
4.99,155615445433932302930
公元前我们太小，公元后我们太老,0,0,3.99,891
4.99,2261751571562320
忍冬花,0,0,0,484
毕业生乐队,0,0,0,146
夭寿之友,0,0,1.99,143
命定邂逅,0,0,0,709
妖怪研究生之觉醒,0,0,0,496
0.99,936554581344886
风里有句话,0,0,0,664
江夏,0,0,0,31
小说是怎么写成的,0,0,0,52
昨夜星辰，陪我看风景的会是你,0,0,0,502
白天知道夜的黑,0,0,0,567
伏影,0,0,0,500
追忆逝水年华,0,0,0,636
一路向南,0,0,0,21
不醒梦,0,0,0,64
我也很喜欢你,0,0,0,147
风里有句话,0,0,0,664
就让你笑,0,0,0,35
我这样的人为什么也谈感情,0,0,0,51
白天知道夜的黑,0,0,0,567
伏影,0,0,0,500
江夏,0,0,0,31
追忆逝水年华,0,0,0,636
一路向南,0,0,0,21
我也很喜欢你,0,0,0,147
冷暖自知,0,0,0,172
命定邂逅,0,0,0,709
柳荫下,0,0,0,83
不要回头,0,0,0,92
那年青山那年情,0,0,0,998
再好的马也不如龙,0,0,1.99,141
春分时节已过冬,0,0,0,453
真豪杰,0,0,0,1046
黑屋子里的猫,0,0,0,342
三年（6）班,0,0,0,504
疗愈师,0,0,0,560
外语学院的风流娘们儿,0,0,0,35
鲜花少女,0,0,0,229
年轻的拳头,0,0,0,3681
同的世界,0,0,0,42
北方以北,0,0,0,854
荒唐颂,0,0,0,100
有时，恋爱是为了错过,0,0,0,62
妖怪研究生之觉醒,0,0,0,496
一直很安静,0,0,0,154
荷花福利院,0,0,0,41
冷暖自知,0,0,0,172
柳荫下,0,0,0,83
不要回头,0,0,0,92
疗愈师,0,0,0,560
一人，目月，水古月,0,0,0,53
不醒梦,0,0,0,64
春分时节已过冬,0,0,0,453
黑屋子里的猫,0,0,0,342
三年（6）班,0,0,0,504
再好的马也不如龙,0,0,1.99,141
外语学院的风流娘们儿,0,0,0,35
鲜花少女,0,0,0,229
同的世界,0,0,0,42
荒唐颂,0,0,0,100
相伴十年，相见时难,0,0,0,5380
有时，恋爱是为了错过,0,0,0,62
殇,0,0,0,161
学霸日记,0,0,0,1236
一直很安静,0,0,0,154
安吉尔,0,0,0,1385
泪打浮萍,0,0,0,8706
王偲的自行车,7.4,16,0.99,759
5.00,87392621191615141213
在梦上,0,0,0,6276
胖子，木子和摇滚少年,7.4,11,5.99,274
雨天买彩票的男人,5.8,24,1.99,1750
少女心不灭,0,0,0,664
猫上树,0,0,1.99,286
醒生,0,0,0,2150
向日葵的微笑,0,0,0,441
1.99,59448647946245244586717071
我知道，裂变的疼痛叫青春,0,0,0,25821
生命力,0,0,0,260
柜子里的婚姻,7.2,16,0,10033
南柯记,0,0,0,7893
风筝向北飞,0,0,0,565
神的孩子,7.6,41,0.99,1819
坎儿,7.6,15,3.99,850
犟木书生的爱情系列,0,0,0,287
来自我心,0,0,0,9403
我的大一同事,0,0,0,415
安吉尔,0,0,0,1385
青春末年,0,0,0,1037
少女心不灭,0,0,0,664
交叉线,0,0,0,440
雨天买彩票的男人,5.8,24,1.99,1750
犟木书生的爱情系列,0,0,0,287
醒生,0,0,0,2150
向日葵的微笑,0,0,0,441
暗色天堂,0,0,0,717
1.99,59448647946245244586717071
我知道，裂变的疼痛叫青春,0,0,0,25821
王偲的自行车,7.4,16,0.99,759
柜子里的婚姻,7.2,16,0,10033
在梦上,0,0,0,6276
风筝向北飞,0,0,0,565
神的孩子,7.6,41,0.99,1819
坎儿,7.6,15,3.99,850
初秋,0,0,0,3626
荷花福利院,0,0,0,41
那样青春，有你相伴,0,0,0,969
我想要的自由,0,0,0,20
苏夏和她的随身听,0,0,0,20
一人，目月，水古月,0,0,0,53
时光慢,0,0,0,136
晨风馨薇,0,0,0,173
灰色时代,0,0,0,65
行过二十四,0,0,0,18
那些年的我们,0,0,0,110
《ABCD》,0,0,0,40
学霸日记,0,0,0,1236
二哈游记,0,0,0,17
殇,0,0,0,161
相伴十年，相见时难,0,0,0,5380
这，不是梦,0,0,0,8
大象的舞蹈,0,0,1.99,685
在大纽约的小日子,0,0,0,569
从饥饿年代里长出了一颗种子,0,0,3.99,963
人间四月,0,0,0,46
夜有月 冬有雪,0,0,0,4845
580404365119474028242821
小小姐，请将身体敞开,0,0,0,34
两个失魂落魄的少年,0,0,1.99,462
鸢尾花,0,0,0,6426
我的青春很垃圾,0,0,0,1212
文学前奏,0,0,1.99,201
念念不忘,0,0,0,28
墨海，黑土地的日子,0,0,0,6
摇摆的方堃琪,0,0,0,16
在青春，向天涯,0,0,0,1774
从饥饿年代里长出了一颗种子,0,0,3.99,963
3.99,12893852215
路程,0,0,0,9390
在青春，向天涯,0,0,0,1774
580404365119474028242821
鸢尾花,0,0,0,6426
驾雪追风（修订版）,0,0,0,94
夜雾,0,0,0,7069
路过人间,0,0,0,80
戈壁游乐园,0,0,0,6
孤独者协会,0,0,0,27
两个失魂落魄的少年,0,0,1.99,462
叹息桥 The Bridge of Sighs,0,0,0,73
周艳芳,0,0,0,169
六郎山下,0,0,0,123
我的青春很垃圾,0,0,0,1212
文学前奏,0,0,1.99,201
3292932664129141518911
夜有月 冬有雪,0,0,0,4845
听缘,7.4,23,0,25339
若有故事，何须爱情,0,0,0,632
只是当时已惘然,0,0,0,468
哗嚣之美,0,0,0,46
寻找回来的梦想,0,0,0,3312
天长地久,0,0,0,27
情感教育,0,0,0,1324
童年碎片,0,0,0,72
关山学院异闻录,0,0,0,103
旷野如空,0,0,0,202
戏子,0,0,0,20
那年，北京错过的姑娘,0,0,0,148
幸好，你还在,0,0,0,267
朋友当道,0,0,0,132
青春始发站,0,0,0,155
兼济天下第二部,0,0,0,21
《半生暖阳半生寒冬》,0,0,0,38
在遇见的所有人里，我最喜欢你,0,0,0,49
《回忆是海》,0,0,0,125
杯水青春,0,0,0,6
高中生的日常生活,0,0,0,95
若有故事，何须爱情,0,0,0,632
兼济天下第二部,0,0,0,21
杯水青春,0,0,0,6
六城记,0,0,0,14
天长地久,0,0,0,27
拾年,0,0,0,175
我回来过,0,0,0,280
戏子,0,0,0,20
那年，北京错过的姑娘,0,0,0,148
朋友当道,0,0,0,132
听不到,0,0,0,21
只是当时已惘然,0,0,0,468
文艺青年的日常,0,0,0,19
像南方一样蓝,0,0,2.99,735
幸好，你还在,0,0,0,267
小青柑,0,0,0,8
张小燃的罗曼蒂克史,0,0,0,34
棋逢对手,0,0,0,1818
末路阴阳,0,0,0,46
高校男子记事簿,0,0,0,9618
追自行车的少年,0,0,1.99,170
亲爱的白兔糖,0,0,0,48
鸵鸟英雄梦,0,0,0,700
谜一样的人,0,0,1.99,370
孤独者协会,0,0,0,27
戈壁游乐园,0,0,0,6
只有流水知道的事,7.2,281,1.99,15066
斑斓,0,0,0,112
秋风瘦,0,0,0,10214
士兵诡计,0,0,0,2626
且去翻墙,0,0,1.99,285
消逝的少年,7.2,23,0,11196
广州，别动我的爱情,0,0,0,1298
所爱隔山海，山海不可平,0,0,0,2664
纪念馆,0,0,1.99,114
674朵玫瑰,0,0,0,349
断肠草,0,0,0,177
纯真年代,0,0,0,558
红故事，灰故事,0,0,0,1297
我的青河镇,8.0,14,0,2133
山城恋歌,0,0,1.99,886
给爸爸的一封信,0,0,0,5129
勒住全身,7.0,12,0.99,864
孤眠,0,0,0,1538
一个丢了马的骑士,7.6,11,0,196
和你,0,0,0,130
vitamins 维他命,0,0,0,749
“卑鄙”的我,0,0,0,69
愿青春没有背叛,0,0,0,855
鸟巢一代,0,0,0,493
校傲江湖,0,0,1.99,539
女孩们为什么离开,7.6,20,1.99,2273
彼岸花开,0,0,0,167
逐晓,0,0,0,1287
灯影里的旧时光,0,0,0,12
鲜花掌声我都不要,0,0,0,52
缪斯的耳语,0,0,0,19
杯水青春,0,0,0,8
我知道，但我没有说,0,0,0,366
少女反叛计划,0,0,0,78
悬在阳光中的,0,0,0,53
夏日限定,0,0,0,48
当与子归,0,0,0,5
昨夜长风,0,0,0,13
落花落,0,0,0,8
命运让我遇见另一个你,0,0,0,78
灰色的生活,0,0,0,718
《冷月》,0,0,0,55
旧情曾谙,0,0,0,25
天生两对,0,0,0,40
秋千,0,0,0,234
回忆里的遗忘,0,0,0,136
半爱青春,0,0,0,83
墓志铭,0,0,0,63
五金香,0,0,0,5
曾经沧海,0,0,0,128
丫头，我只是想轻轻地抱抱你,0,0,0,101
夏之轻羽,0,0,0,53
北岸四人帮的传说,0,0,0,1235
青春蚀把米,0,0,0,342
游向南纬24°的鱼,0,0,1.99,206
轻装慢走,0,0,0,2473
网醉金迷,0,0,0,22486
西北桥,0,0,1.99,152
寻找玛希帕,0,0,0,10479
离亭燕,0,0,0,1627
孔雀的自尊心,0,0,0,1230
北方以北,0,0,2.99,613
拉蓬特街8号,0,0,0,1586
赴世,0,0,1.99,340
世界上的确有那样的海,0,0,1.99,1166
登堂入室,0,0,0,366
被遗弃的星星,0,0,0,309
混混大旗,0,0,1.99,202
双胞胎,0,0,0,432
南塘·青春期,0,0,0,5695
等你恋我,0,0,0,4
你好，再见！,0,0,0,196
我亲爱的陈世楚小姐,0,0,0,112
我所遇到的真实故事改编系列,0,0,0,258
欲辨已忘言,0,0,0,62
可是你都不在了,0,0,0,6
野有蔓草,0,0,0,85
花开如烟,0,0,0,1
抛物线爱情,0,0,0,29
如果我们如此幸运,0,0,0,22
恍日梦游,0,0,0,6
情书,0,0,0,35
早安,7.2,12,1.99,1411
你好咩，余同學。,0,0,0,28
亲爱的朋友,0,0,0,184
等你恋我,0,0,0,4
你好，再见！,0,0,0,196
我亲爱的陈世楚小姐,0,0,0,112
1993，巨龙帮的覆灭,0,0,0.99,132
在光未末不真实的世界里,0,0,0,9298
在沉默中灭亡,0,0,1.99,238
凡的夫,0,0,0,732
面具和影子,0,0,0,4
十二月,0,0,0,40
追忆花样年华,0,0,0,801
老才的事,0,0,0,248
每个人身边都有一个二狗,0,0,1.99,227
欢喜地,7.0,22,0,10805
光之城情书,0,0,0,819
伏尔加的鱼,0,0,0,668
望美人兮天一方,0,0,0,954
就算生命从未温柔相待,0,0,0,8972
梦想生成的方向,0,0,0,10530
冷暖自知,7.6,49,0,13454
花沟往事,8.0,17,0.99,848
少女刺猬,7.8,58,0.99,2472
坐在石头上的女孩儿,0,0,1.99,234
没心没肺,0,0,0,3331
岛,0,0,0,343
从暗恋开始,0,0,0,1777
温柔时光,0,0,0,257
别来无恙少年时,0,0,0,1172
流动的年华,0,0,0,1036
《电梯间》,0,0,0,177
不做你老师很多年,0,0,0,7182
隔帘,0,0,0,36
夏瑜和夏宇,0,0,0,710
人生当如初见,0,0,0,1292
今年大二，明年大四,0,0,0,747
物是人非,0,0,0,41
白夜未晞,0,0,0,638
声声慢，泪倾城,0,0,0,274
伏尔加的鱼,0,0,0,668
打开我心扉的女孩,0,0,0,27
小下,0,0,0,2
我的一生,0,0,0,142
少年游,0,0,0,33
春风桃李花开日,0,0,0,19
青春的小鸟,0,0,0,212
桃红半开,0,0,1.99,176
青蛙,0,0,1.99,163
那些将就的将就算了吧！,0,0,0,23
十万年华,0,0,0,597
裘笼,0,0,0,20
浪子传说,0,0,0,57
和你在年少时,0,0,0,547
与你素未谋面,0,0,0,52
他们是王炸,0,0,0,114
错过,0,0,0,30
我和我的少年时代,0,0,0,26
阿兔,0,0,0,959
非正常教职人员,0,0,0,126
告别是年华里最忧伤的感谢,7.6,21,0,16035
应届生,0,0,0,5258
翻墙,0,0,1.99,120
每个人都不快乐,0,0,0,47
恍惚,0,0,1.99,159
闺蜜,0,0,0,11844
那人却在黑灯瞎火处,0,0,0,101
边缘男孩的爱情故事,0,0,0,4
又见穿花蝴蝶浅浅飞,0,0,0,6
少年诗季,0,0,4.99,438
城记,0,0,0,17
和谁初恋,0,0,0,5413
青春知识点,0,0,0,58
像樱花般的透明,0,0,0,189
微震动,0,0,0,11
青春，岁月,0,0,0,29
雾·岛,0,0,0,126
遇见你，我的世界多了一公里,0,0,0,80
她与他,0,0,0,25
星火,0,0,0,16
我曾淹没在你眼底的深蓝,0,0,0,79
像樱花般的透明,0,0,0,189
光,0,0,0,21
我的那些姑娘，我的那些花儿。,0,0,0,107
微震动,0,0,0,11
青春，岁月,0,0,0,29
雾·岛,0,0,0,126
裂谷,0,0,0,2
遇见你，我的世界多了一公里,0,0,0,80
她与他,0,0,0,25
星火,0,0,0,16
她与他,0,0,0,25
遇见你，我的世界多了一公里,0,0,0,80
青春，岁月,0,0,0,29
雾·岛,0,0,0,126
我曾淹没在你眼底的深蓝,0,0,0,79
下辈子，我们不要再相见了,0,0,0,24
汶川大地震,0,0,0,64
故人叹,0,0,0,17
听过很多道理，人生依旧如常,0,0,0,267
渡你,0,0,0,1780
一个混混的回忆录,0,0,0,1389
上海动物,0,0,4.99,387
雪人犹在,0,0,0.99,101
青灯行,0,0,1.99,519
很高兴认识你,0,0,2.99,166
孤独岁月,0,0,1.99,134
婧待彼岸,0,0,0,385
我们像狂风席卷而过的人生,0,0,0,11778
最好的时光,7.4,13,3.99,2424
救赎与宽恕,0,0,0,1191
落满红蜻蜓的夏天,0,0,1.99,113
独上高楼,0,0,0,1607
血缘,0,0,0,1542
我是个年轻姑娘,7.4,14,1.99,2944
水仙花的成人礼,0,0,0,16010
xiang,0,0,0,264
只是想起你,0,0,0,1727
秋日碎片,0,0,1.99,199
惊蛰,0,0,0,102
黑色旋律,0,0,0,563
大侦探孙乐乐,0,0,0,745
xiang,0,0,0,264
雪人犹在,0,0,0.99,101
婧待彼岸,0,0,0,385
很高兴认识你,0,0,2.99,166
孤独岁月,0,0,1.99,134
那年的江湖,0,0,0,621
看上去很幸福的人，死了,0,0,0,222
救赎与宽恕,0,0,0,1191
纸船,7.0,21,1.99,761
落满红蜻蜓的夏天,0,0,1.99,113
独上高楼,0,0,0,1607
血缘,0,0,0,1542
水仙花的成人礼,0,0,0,16010
琐碎往事的河,8.4,31,0,13081
夜莺不歌唱,0,0,0,409
只是想起你,0,0,0,1727
城南旧巷，等风也等你,0,0,0,643
未说出口的话,0,0,0,55
我赌青春的那5年,0,0,0,16
像冰那样燃烧,0,0,2.99,713
听说,0,0,0,150
轻轻地呼唤,0,0,0,65
生如春泥,0,0,0,100
错失,0,0,0,104
丘山记,0,0,0,36
辛泽善的故事,0,0,0,45
疾恶非道,0,0,0,24
那些弥足珍贵的旧时光之哈尔滨,0,0,0,82
高考徐孟南：三人行,0,0,0,45
你从远方来，带着诗意,0,0,0,34
最美好的初恋,0,0,0,96
小瘸腿日记,0,0,0,26
你想的可真美,0,0,0,8
过时的青涩演义,0,0,0,38
壁虎和五只蝴蝶,0,0,5.99,422
连久,0,0,0.99,466
流氓必智,6.2,18,0.99,1414
他是怎么变成孤儿的,8.4,34,1.99,2546
那风中飘飞的白衬衫,0,0,1.99,145
当一个人离开之后,0,0,0,5
时光的记忆,0,0,0,12
《一手姑娘》,0,0,0,34
呼和,0,0,0,92
明堂朝华,0,0,0,372
当一个人离开之后,0,0,0,5
岁月不知玛丽,0,0,0,184
李明,0,0,0,30
12111211,0,0,0,236
成长的十年,0,0,0,478
我并不完美的人生啊,0,0,0,221
时光的记忆,0,0,0,12
《一手姑娘》,0,0,0,34
当一个人离开之后,0,0,0,5
岁月不知玛丽,0,0,0,184
李明,0,0,0,30
12111211,0,0,0,236
成长的十年,0,0,0,478
时光的记忆,0,0,0,12
《一手姑娘》,0,0,0,34
呼和,0,0,0,92
藜丘一中回忆录,0,0,0,25
愿世界待你如初,0,0,0,1100
职场新人甄言,0,0,0,13
秘密,0,0,1.99,598
12111211,0,0,0,236
我们不曾负了时光,0,0,0,68
女同学,0,0,0,20
成长的十年,0,0,0,478
堕落的前半生,0,0,0,15
明堂朝华,0,0,0,372
再回眸，风月尘误,0,0,0,82
我并不完美的人生啊,0,0,0,221
景帆的情书,0,0,0,24
唯陌光年,0,0,0,5331
临渊,0,0,0,50
三年不忧,0,0,0,75
致一去不复返的青春.,0,0,0,20
烟火与战争,0,0,0,149
追星日记,0,0,0,27
蝴蝶效应,0,0,0,107
愿世界待你如初,0,0,0,1100
我们不曾负了时光,0,0,0,68
别怕，快跑,0,0,0,42
堕落的前半生,0,0,0,15
再回眸，风月尘误,0,0,0,82
仲夏,0,0,0,33
景帆的情书,0,0,0,24
唯陌光年,0,0,0,5331
一路走来,0,0,0,3169
病,0,0,1.99,34
旅梦人,0,0,0.99,140
与我谈笑青春,0,0,0,476
马蹄深处是长安,0,0,0,666
秘密基地,7.8,11,1.99,742
麦子和她的朋友们,0,0,0,311
途,0,0,1.99,27
最后一根稻草,7.6,103,0,5361
南夏之夕,0,0,0,65661
近似透明的蓝,0,0,0,854
给毕达梅戈的十三封信,0,0,1.99,223
有时会突然忘了，我还爱着你,0,0,0,6016
遇见你，遇见爱情,0,0,0,183
再见了，姑娘,8.8,338,0,1088162
大鼻公的小屋,7.4,12,2.99,626
一个人是荒野，两个人是光,0,0,0,4699
骑驴少年,0,0,1.99,99
夏末微曦,0,0,0,255
迹忆,0,0,0,104
追星日记,0,0,0,27
三年不忧,0,0,0,75
致一去不复返的青春.,0,0,0,20
6.99,1465342434054023
灯塔·M,0,0,0.50,114
5.99,133181414
夜遇,8.0,16,1.99,776
骑驴少年,0,0,1.99,99
9.99,18289675151624250117
1491059015855341
5.00,287208184170181116121010
6.99,128010911055104110221020100599910031000
4.99,112837469697068532
不散的白烟,0,0,0,270
5.99,307237183102791912
6.99,307239224212173155159221125
3.99,11668621014
5524464063983718060161615
1.99,1601079686829582687672
7.8,30,1.99,2343219421072104209020802080208420852070
19599982622
4.99,107756272
4.99,1574154417002152167814451401138813791397
愿世界待你如初,0,0,0,1100
我们不曾负了时光,0,0,0,68
我读大学这四年:赚了35万,0,0,0,1767
别怕，快跑,0,0,0,42
堕落的前半生,0,0,0,15
再回眸，风月尘误,0,0,0,82
仲夏,0,0,0,33
景帆的情书,0,0,0,24
唯陌光年,0,0,0,5331
