9.4,406,6.99,39813352533362812844908788477817746570377113
秋日便当,8.6,700,1.99,114759
力哥说理财,9.6,125,0,8856773
好身材从心出发,8.2,67,9.90,23545
饭醉记录,8.8,921,1.99,65224
人之大欲,7.6,161,0,9835
夏日便当·修订版,8.8,1238,1.99,176159
零基础学投资,8.2,452,0,664228
荷尔蒙,8.4,1931,0,178179
我的瘫痪日记,9.6,91,0,87459
护肤品的成分必修课,9.0,230,0,382153
一百件，刚刚好,8.8,340,0,200633
吃女神食物,6.6,231,6.00,33074
穿个明白,8.6,49,0,127205
遇见疯狂的职场,7.6,17,2.99,5007
春日便当,9.0,812,1.99,116690
乡味缭绕,0,0,0.00,512
冬日便当,9.0,758,1.99,111817
买农场就像找老婆,7.6,13,2.99,1229
东北疯食录,9.4,68,0,62094
遇见疯狂的职场,8.0,15,0,36384
打响钱包捍卫战,9.0,355,0,192443
逆向管理：用行动迫使自己去思考,0,0,0,190
四季家常味,8.4,78,1.99,15636
独立译者的日常,9.4,125,0,10584
西方首饰历史,0,0,0,61
女神日常修炼手册,8.4,2626,0,5912180
7.6,12,5.99,3852314927611149846754634640620621
9.2,59,4.99,2375419354178986237529349945221493848294806
须弥芥子,0,0,0,433
占星秘钥,6.6,12,0,1522
衣橱故事,8.6,212,0,518239
小旅馆记事,9.2,43,0.99,0.99,3847
理财投资入门攻略,7.6,38,0,25522
偷吃,7.6,340,0,6855
痛经是一本经,8.4,689,1.99,64768
鸡汤经济学,9.2,38,0,18728
最好的厨房,7.0,94,1.99,14760
这不是普通的护肤课,0,0,0,9618
极简主义生活,7.6,79,0,57583
健身十二课,0,0,0,6744
美国经济观察,7.4,11,0,5674
时令散记,0,0,1.99,2302
时尚小白穿搭术,7.4,40,0,10596
全球理财没那么难,9.0,48,0,704799
护肤是个技术活,8.2,202,0,394800
老虎来喝下午茶,10.0,99,0,1142010
如何建立投资交易系统,0,0,0,235
一个小女孩的长大,9.0,133,1.99,11832
莫失莫忘：我的手帐路,8.6,54,0,56805
文艺青年的全职妈咪手册,8.4,140,1.99,10188
秒杀时装精,8.0,80,2.99,7164
如何拥有好皮肤,8.2,215,0,327024
Low Fashion,8.2,343,0,853563
北美留食记,9.6,44,0,24848
夫妻亲密关系手册秘密分享,0,0,0,6336
吃货须知,8.0,262,0,13778
犄角旮旯寻美食（第二季）,8.6,18,1.99,2470
爱·食·记,0,0,0,31244
当我谈瑜伽时我谈些什么,9.2,105,0,734434
剩女的跑步笔记,9.4,54,0,47397
9.4,81,3.99,139709042101203915330529802546223424212853
精致女神养成记,9.0,265,0,50868
实体店万倍赚钱手册,0,0,0,659
设身@第五大道,9.4,135,0,269408
吃吃看！,8.0,37,1.99,5671
有食有欲,0,0,0,3443
逆生长研究所,9.2,122,0,157152
穿着普拉达的中国实习生,7.8,41,0,16801
深夜谈吃,8.4,31,1.99,5014
有一种求知欲叫刁馋,0,0,0,5239
背包客和文艺青年故事集,8.0,11,1.99,7114
姐不想上班,9.2,29,1.99,6458
少女心机生活指南,8.8,603,0,443462
来自星星的小王子,0,0,0,3306
暴食途径,8.0,52,0,25934
生于忧患，死于餐饭,9.8,38,0,64244
Crack a Bottle,8.8,46,0,27885
只被美好的事物所包围,8.8,58,0,98431
到美国喝咖啡去！,8.2,15,1.99,1928
媳与我,7.2,35,0.99,5038
香气与艳情,8.2,15,0,117222
我在外资银行学理财,7.2,223,1.99,23853
7.2,11,19381632164326511152140904870
吃素稗闻,7.0,1268,0,35687
9.99,501410444109859450383142
复利人生,7.2,24,0,33123
我的隐士爸爸,0,0,1.99,546
茶间花语,0,0,0,10
这个时代，我们的心应该如何安放,0,0,0,3154
设计，是累的时候让你笑起来的东西,7.6,24,1.99,4848
千变万化的意大利面,8.0,34,0,11380
7.6,192,0.99,2358423630223075811488753695354490646535040
你以为你多懂瑜伽,8.0,35,0,10723
叫我时髦女青年,8.2,92,0,253610
少女不背LV,8.4,210,0,133946
蹭饭笔记,8.6,30,2.99,4816
极简主义生活指南,8.4,101,0,10284
育儿经实践笔记,7.4,14,0,8492
《乡味缭绕》（第二季）,0,0,0,15
代购奇闻,0,0,0,777
有绘本的童年,8.0,18,0,201001
手帐雕刻时光,0,0,0,1503
每日便当,7.4,41,0,4571
愿世界待你如初,0,0,0,101
英国生活杂记,0,0,0,105
青盐米饭,9.4,113,0,351402
吃掉的人生,9.6,133,0,188561
小食,8.0,33,1.99,1699
将旧时光煎炒煮炸炖蒸烤,0,0,0,3074
怀孕的日子,7.8,31,0,28231
8.0,35,10898803981591342860924709665665547
狗友养成记,6.8,33,0,16313
你的咖啡，我的故事,8.4,34,0,84446
好吃潮汕,7.8,21,0,14536
城市的海洋日记,0,0,0,58
寂寞社交：吃喝组十年,8.0,43,0,75836
吃、喝、爱之事,0,0,0,161
壹周独财,0,0,0,7778
半娃半X的生活,0,0,0,7669
呦，就这样当妈了,7.8,12,0,3480
闲话太极拳,0,0,0,7121
父母的心灵课,0,0,0,1354
用逻辑思维买买买,7.6,11,0,4902
首尔生活札记,0,0,0,2975
乡间琐事,0,0,0,151
他们的烟火人间,0,0,0,1516
零食博物馆,7.4,21,0,19066
轻便生活,8.8,61,0,29364
手工皂里的秘密,0,0,0,192
F食集,0,0,0,37
边走边吃,0,0,0,32778
互联网，重构经济生态,0,0,0,11847
一不小心在洛杉矶生个娃,0,0,0,1839
炒股就是炒人性,8.0,24,0,16914
80后新妈妈修行记,7.6,12,0,37714
为什么有些人看起来比较老,7.6,22,0,34343
有些话只对女孩说,7.4,53,0,16612
化妆品成分补习班,9.2,246,0,11292
SOS！女神急救手册,0,0,0,50765
科学护肤，那些你不可不知的事儿,0,0,0,443
5岁哥哥给弟弟讲的30本胎教童书,8.8,88,0,16370
美食烘焙厨房的一抹暖黄,0,0,0,33244
整容室的故事,9.2,128,0,33307
IT女民工告别土肥圆,9.0,115,0,80529
职场妈妈的第一年,8.8,149,0,196798
炼香记,8.2,20,0,22468
折腾,8.4,74,2.99,17009
我在伦敦做奢侈品市场的日子,8.4,61,0,13115
7.6,22,349530613201731463482516410420482
姐曾经16岁,0,0,0,92
纽约食事,8.2,26,0,68040
少女之友,7.8,22,0,96927
中国货币史话写真录,0,0,0,6934
你所陷入的健康误区,0,0,0,31
小城回味录,0,0,0,4160
鸭子季节,7.8,17,1.99,1354
手把手教您“亲子阅读”,0,0,0,8808
幼儿教育之打怪十八式,8.0,12,0,34599
一起多肉吧^ ^,9.2,60,0,51121
因子成我,0,0,1.99,1150
如何养出一个更漂亮的宝宝,0,0,0,228
转行HR,0,0,0,646
女神养成记,7.4,16,0,12683
花开富贵谈理财,8.8,48,0,27910
玩刺绣,7.6,15,1.99,1751
看菜吃饭,7.2,46,0.99,4678
食·府城,0,0,0,526
华尔街赢了世界又如何！,0,0,0,6357
图的就是个乐儿,0,0,1.99,585
阅读认知干货,0,0,0,66
IT GIRL 时尚装扮100分,0,0,0,13
关于儿童,0,0,4.99,1387
一窝鸟鸣,0,0,1.99,464
2.99,14751284131112301249123108111102107
小食纪,8.0,18,1.99,3462
半年一个小目标，走心减肥30斤,0,0,0,424
财商课堂,8.0,34,0,323239
世界百强外企HR告诉你：如何轻松搞定面试,0,0,0,3653
完胜幼小衔接,0,0,0,4506
上班族的体育课,7.6,21,0,52676
一个全职妈妈的成长笔记,0,0,0,34649
鱼米乡之味,0,0,4.99,1096
薰衣草不是草,0,0,20.00,1575
7.8,13,6.99,16971070935164
财女赛小魅,7.8,23,0,65922
我亲爱的“博士后”,0,0,0,2686
当文艺妈遇见逗比娃,7.4,21,2.99,4684
我的花艺笔记,0,0,0,372
一枚文青的越野之路,7.6,11,0,6786
1.99,12921131111616314010512916414094
青春,0,0,0,31
间隙,0,0,0,147
百万分之一,0,0,0,888
满满的都是食欲,0,0,0,8527
理财，选国内还是国外？,0,0,0,3513
别让通货膨胀偷走你的人生,7.6,128,1.99,10118
3.00,275622411816539380301260204254323
肉食动物,0,0,0,243
吃货昕语,0,0,0,322
完胜幼小衔接,0,0,0,4506
上班族的体育课,7.6,21,0,52676
笨蛋，请这样生活着！,8.0,23,0,1405
你不会在股市中致富……直到你改变思维,7.2,40,1.99,6469
财女赛小魅,7.8,23,0,65922
从零开始跑马拉松,0,0,0,272
你不是饿，是寂寞,0,0,0,4081
犹在镜中,0,0,0,14
哎呦妈呀,0,0,0,3704
一位小学老师的育儿日记（下）,0,0,0,791
3.00,275622411816539380301260204254323
满满的都是食欲,0,0,0,8527
理财，选国内还是国外？,0,0,0,3513
一砂一诗集,0,0,0,49
边工作边当妈妈,0,0,0,2259
玩物尚志,0,0,0,68
大学与我,0,0,0,249
梦,0,0,0,18
治愈拖延症,0,0,0,83
一个人开始的跑步,0,0,0,196
真假父子,0,0,0,2
幸福的味道,0,0,0,28
初生集,0,0,0,49
生活的模样,0,0,0,32
皆是小事,0,0,0,235
我在国企第五年,0,0,0,43
记忆的味蕾,0,0,0,6327
布达佩斯生活日志,0,0,0,28
幸福的味道,0,0,0,28
我的女友是牙套妹,0,0,0,150
生活的模样,0,0,0,32
逗比在校园,0,0,0,308
致：自己,0,0,0,26
梦,0,0,0,18
翡翠店-开店日记,0,0,0,46
饼妈手账 | 两个女儿的日常,0,0,0,99
我在国企第五年,0,0,0,43
布达佩斯生活日志,0,0,0,28
入睡时间3600s,0,0,0,13
朝阳路快2故事,0,0,0,43
当我躺在河流的底部，我又想到了你,0,0,0,200
爱死这些小店,0,0,0,2725
宝器经济学,7.8,27,0,25888
当你到来的时候,0,0,0,1865
食物记,0,0,0,15263
布卢哎西杂货铺,0,0,0,2206
时光尽美满,0,0,0,827
我的第一本清酒入门书,0,0,0,433
Our Souls at Night,0,0,0,170
他乡遇故吃,0,0,0,1179
孤独是一个人的骨头,0,0,0,136
1.99,4083683503453647354494751
1.99,32717016315331252812339
多囊卵巢终结者——Beat PCOS！,8.4,40,0,22984
今夕,0,0,0,101
尽整没用的,0,0,0,18
往,0,0,0,2487
朝阳路快2故事,0,0,0,43
当我躺在河流的底部，我又想到了你,0,0,0,200
爱死这些小店,0,0,0,2725
时光尽美满,0,0,0,827
今夕,0,0,0,101
原来中医课是这个样子的,0,0,0,262
Our Souls at Night,0,0,0,170
我的第一本清酒入门书,0,0,0,433
孤独是一个人的骨头,0,0,0,136
多囊卵巢终结者——Beat PCOS！,8.4,40,0,22984
尽整没用的,0,0,0,18
往,0,0,0,2487
毫无乐趣,0,0,0,417
小豆汁儿 慢慢长,0,0,0,256
她被bos叫做大蕉子,0,0,0,21
皮莎们的秘密世界,0,0,0,18569
三二理财笔记,0,0,0,4751
从相遇那天起,0,0,0,561
美好生活方法论,0,0,0,3589
原来中医课是这个样子的,0,0,0,262
和光同尘,0,0,0,46
给娃起名是孜孜不倦的事儿,0,0,0,2857
fluffy diary,0,0,0,371
小女孩之路,0,0,0,107
用心食饭,8.0,11,0,5583
不会是七年之痒,0,0,0,596
健康就是最和气的生活,0,0,0,6834
P2P理财没你想的那么坏,0,0,0,4536
漂,0,0,0,119
美丽吃长沙,0,0,0,4221
吃吃笑,0,0,0,3814
2594200716191584443238201162123169
12921259120212651077123641103636
Xingyi in London,0,0,0,44
一只感这辈子已经毁了的loser的流水账,0,0,0,18
关于我,0,0,0,21
灰暗地带,0,0,0,124
每日灵性修习-内识进阶,0,0,0,89
茶心生活,8.2,19,0,37672
咂么,0,0,1.99,652
札幌到京都,0,0,0,581
他就是我的全世界,0,0,0,26
堂堂的故事,0,0,0,891
努力的舌头,0,0,0,1712
花一丢丢时间，画一幅可爱的画,0,0,0,53
记忆中的古早味,0,0,0,590
吃到胃里才是爱,0,0,0,441
纽约客的罗曼史,0,0,0,9060
梦里梦外,0,0,0,167
废柴的我的无聊的日子,0,0,0,20
成长不烦恼-亲子间的“互动”,0,0,0,10995
二妮的广漂日记,0,0,0,15
用吃看世界,7.2,30,0,59509
堂堂的故事,0,0,0,891
极简生活指南,0,0,0,53
傍晚,0,0,0,12
医院故事：日与夜,0,0,0,13
我的实习是怎么过的,0,0,0,62
禅修作家的日常随笔(Part 2),0,0,0,206
禅修作家的日常随笔,0,0,0,824
时尚典故,0,0,0,24
倒悬的海洋,0,0,0,125
缅甸来鸿,0,0,0,36
小小喵早产记,0,0,0,11670
计划一场留学,0,0,0,670
乙来乙往,0,0,0,2672
我的眼中有星辰,0,0,0,12713
像舞一样的妩,0,0,0,20252
遇见更美的你,0,0,0,6563
医院故事：日与夜,0,0,0,13
杂食杂事,0,0,0,415
8.00,995733626317310208306141285250
戏说理财产品,0,0,0,7348
幸福催化剂,0,0,0,94
幼儿教育,7.6,11,0,4444
时尚典故,0,0,0,24
1.00,10458747647957598971313950810774
米兰花曼曼开,0,0,0,11774
吃人说梦，家山北望,7.8,16,0,17480
掠己之：美,0,0,0,826
兰花草的装修小札,0,0,0,7283
美食熊猫旅行记,0,0,0,910
8.0,12,1.99,1261982932244200187184190184185
晕菜自救手册,0,0,0,2533
徐勾的那些事情,0,0,0,20
随手小记,0,0,0,23
残爱,0,0,0,7
心本,0,0,0,922
与寒假,0,0,0,16
抗癌这条路,0,0,0,97
分享简单的穴位按摩推拿，治疗常见的小毛病,0,0,0,323
乌云先生是软肚子,0,0,0,95
随心小记,0,0,0,13
证据主义投资哲学,0,0,0,11489
9.99,38629429528437413576
美丽书房,7.6,14,0,14444
美味湖北,0,0,0,424
味蕾潮汕,7.4,13,0,38299
药酒的秘密,0,0,0,181
也想走,0,0,0,11
那些汕头人心目中的地道美食,0,0,0,1119
吃一口平凡,0,0,0,129
食色爱也,0,0,0,1443
深夜杂谈,0,0,0,87
8.0,36,1.99,3007256325112356683230351923075032285
乡野美食唇齿间（上）,9.2,23,1.99,4032
机械工程师的生活,0,0,0,253
产品经理的日常,0,0,0,84
一箪食一瓢饮,0,0,0,517
最神秘：您不可不知的商朝,0,0,0,419
两个小孩,0,0,0,825
站在屋顶的孩子,0,0,0,16677
黑墨,0,0,0,7
你要成为女神式妈妈,8.0,70,0,34283
溏心儿,7.8,12,0,20839
留美女神的独白,0,0,0,10
我从山野走来,8.2,20,0,295479
7.2,11,8925717472156148638956745593731649733
当食物拥有记忆,8.0,14,0,12307
《海龟交易法则》读书会,6.6,11,0,3285
大学生究竟应该如何择“业”,0,0,0,4663
从白天到黑夜,0,0,0,84
日记诗歌,0,0,0,208
我的吐槽,0,0,0,9
傻子诗语,0,0,0,115
关于我,0,0,0,59
生活手作铺·把日子过成诗,0,0,0,64
我和猫猫的超现代生活,0,0,0,63
7.2,11,8925717472156148638956745593731649733
窗外,0,0,0,72
清单理财法,0,0,0,50
辟一方净土，于我，于你,0,0,0,46
听泉,0,0,0,176
傻白甜进化论,7.2,19,0,1386
厨房故事,8.8,34,0,41568
53633628928482423723199
1066882969108516247462959
乌乡老手艺,0,0,0,2623
2.99,64155860112384799698
旧时光的摩登录,0,0,0,1532
理财，从改变自己开始,7.2,15,0,3882
揭开P2C互联网理财的内幕,7.4,29,0,50845
我和猫猫的超现代生活,0,0,0,63
80后新妈妈幸福手帐,7.2,12,0,22210
大学生究竟应该如何择“业”,0,0,0,4663
日记诗歌,0,0,0,208
窗外,0,0,0,72
子夜迷食,7.4,20,0,7499
辟一方净土，于我，于你,0,0,0,46
全职妈咪第三年,0,0,0,2308
听泉,0,0,0,176
生而为人,0,0,0,36
学茶日记,0,0,0,417
银杏叶与辣椒花,0,0,0,33
粉白黑米棕,0,0,0,128
小主驾到，鸡飞狗跳,0,0,0,5438
十万个美食为什么,0,0,0,30639
流言蜚语,0,0,0,13
然后呢，就开始跑吧,8.2,55,0,19168
一些小破事儿,0,0,0,272
《小P理财》专刊01期：攒钱妙计,0,0,0,337
外语学习，也可以很快乐,0,0,0,359
琐碎,0,0,0,72
隐生宙,0,0,0,1259
Hannah上学记,0,0,0,576
我的海淘日记,0,0,0,517
大食记,7.8,11,0,11789
温州怎么了,0,0,0,1227
辣妈养成记,0,0,0,1408
与我相遇的100种灵魂｜人物专访图鉴,0,0,0,124
327269277153399383781699
食光,0,0,0,9624
食聊记,0,0,0,52647
图的就是个乐儿,0,0,0,8010
遇见成长,0,0,0,1207
想长什么样，就长什么样,7.8,50,0,25050
犄角旮旯寻美食,0,0,0,5346
《小P理财》专刊02期：玩转信用卡,0,0,0,333
最好的时光在午后,0,0,0,2932
简单的健康,0,0,0,1925
重回60‘s,0,0,0,243
2.99,197418281764480364
囚鸟之撸猫记,0,0,0,234
我的小短诗,0,0,0,81
我在酒店当前台,0,0,0,40
我在淘宝开家翡翠店-开店笔记,0,0,0,434
职场江湖,0,0,0,33
北京租房记,0,0,0,708
旁观与参与,0,0,0,50
人生何处不是诗,0,0,0,28
自我完善的向上的文字成长历险记,0,0,0,36
Carl卡尔| 原创 爱之都的故事 我未来的情人,0,0,0,10
走出思想的地畔,0,0,0,7
我想让世界在你身后,0,0,0,3821
家有萌娃,0,0,0,48
碗里的流金岁月,8.8,29,0,4213
失眠的诗,0,0,0,203
家长这样指导，小学孩子成绩最优秀,0,0,1.99,674
924767748734845958402756
诡诞,0,0,0,207
8.2,24,5.00,326529601553627905913201
7.8,49,2.99,6395587059345150417433393140476419381
ONE OK LIFE,0,0,0,149
20.00,3452323930783057303131423030297730573030
味觉里的记忆,0,0,0,1117
依教奉行的美食天地,0,0,0,1464
宠爱，不会成熊孩子,0,0,0,1128
村夫的投资周记,0,0,0,5543
就是要瘦,0,0,0,2678
十块钱过一天——回到从前,0,0,0,22
投资心法,7.2,11,0,8981
也是虎妈，也是猫妈,7.4,16,0,14090
1.99,4473643293123328050394341
学生在上，米奇琳老师向右走。,0,0,0,17
臆想症人的旅行,0,0,0,3507
手绘与故事与生活,0,0,0,67
深圳的夏天,0,0,0,66
无趣之人的安利,0,0,0,34
当我们谈论孩子时我们在谈论什么,0,0,0,18
2018 矛盾重重,0,0,0,46
我想你拥抱我，亲吻我，离开我,0,0,0,832
乡味缭绕,0,0,0,185
只有一款适合你,9.0,57,0,18833
青云跑团应有的态度,0,0,0,53
为自己穿上水晶鞋,8.4,145,0,85673
安博的日常,0,0,0,47
叶的美食心旅,0,0,0,6557
我眼中的世界,0,0,0,325
人间烟火,0,0,0,1492
温柔的厨房,7.2,14,0,55424
容貌管理,0,0,0,156
边吃边减不是梦,0,0,0,33333
三人隽味,0,0,0,493
杂章,0,0,0,453
撸猫记Ⅱ,0,0,0,68
成长的礼物,0,0,0,472
7.8,11,5.25,216117901731166116681581162218011196
《当代半独立女性的生活刺点—避免荒废》,0,0,0,189
深夜发吃，谈五味七情,7.4,17,0,34495
十个与食物有关的故事,0,0,0,3393
身体观察日记,0,0,0,12
和哥哥的日常,0,0,0,46
赚钱快与慢，选择太重要,0,0,0,162
一人一桌,0,0,0,2060
我害怕减肥的自己,8.4,124,0,67476
也许芸知道,0,0,0,172
叶的美食心旅,0,0,0,6557
容貌管理,0,0,0,223
余生,0,0,0,7
臆想症人的旅行,0,0,0,3507
为自己穿上水晶鞋,8.4,145,0,85673
深夜发吃，谈五味七情,7.4,17,0,34495
边吃边减不是梦,0,0,0,33333
我害怕减肥的自己,8.4,124,0,67476
酱油白饭,0,0,0,396
人间烟火,0,0,0,1492
煮一杯温酒，品一方岁月,0,0,0,20
留学之鹿的留学路,0,0,0,79
十个与食物有关的故事,0,0,0,3393
巷陌百味,7.6,17,0,37610
7.8,11,5.25,216117901731166116681581162218011196
只有一款适合你,9.0,57,0,18833
灵姗教你钱生钱,0,0,0,741
为娘随记,0,0,0,3185
蹭饭笔记,0,0,0,5382
容貌管理,0,0,0,223
我的变形记,0,0,0,27
身体会说话,0,0,0,655
破译生活的密码,0,0,0,83
智商140,0,0,0,60
酱油白饭,0,0,0,396
台北盆地是个碗,0,0,0,1193
她和他们都不在,0,0,0,23
已婚少女煮成记,0,0,0,3038
留学之鹿的留学路,0,0,0,79
巷陌百味,7.6,17,0,37610
家有宠物,0,0,0,77
灵姗教你钱生钱,0,0,0,741
为娘随记,0,0,0,3185
free,0,0,0,85
蹭饭笔记,0,0,0,5382
当文艺女青年变成妈,7.4,11,0,6672
社会工作学--通往平庸之路,0,0,0,22
让老公跪拜在自己脚下,8.4,144,0,391978
407314317308341213431
酷瑞减肥法,7.4,26,0,55161
与孩子沟通须知道,0,0,0,44946
那些当妈了才知道的事儿,0,0,0,2160
当妈第一年,0,0,0,3659
斯诺克江湖,0,0,0,5377
吃不惯,8.2,20,0,54186
7.2,13,1.00,2363213321632105295208195420219331994
出褶,0,0,0,7
鱼米乡之味,9.0,41,0,300456
养猫记,0,0,0,21
如何圆润又不失情趣地生活,0,0,0,25
一个傻白但不甜的日常~,0,0,0,226
《小P理财》03期：社保的好，比你知道的多,0,0,0,86
我在美国干文艺那些年,0,0,0,63
娱记很忙,0,0,0,148
小春笔记,0,0,0,124
3.99,2079059139
记忆里的城市 以及那些吃的,8.0,24,0,35426
心理幼稚园,0,0,0,4619
一只有文化的猫回忆青春,0,0,0,162
好吗？,0,0,0,102
学车记,0,0,0,1243
吃喝廿余年,0,0,0,15991
养性延命录,0,0,0,26
漫漫亲子路,0,0,0,381
念念不忘,0,0,0,191
我拿十年时间烧了半桶热水洗了个澡,0,0,0,572
成长曲,0,0,0,39
闲聊东北,0,0,0,8539
