销金帐,8.8,25,2.99,6524
好奇录,8.2,20,2.99,6900
教自己写作,9.2,71,0,91605
镜鉴《金瓶梅》,0,0,4.99,5369
写作的内观,9.2,192,0,59895
美国性格,7.4,459,0,24138
惊鸿小札,8.8,58,0,189654
加拿大的面子和里子,0,0,0.00,1409
写作课：作家是读出来的,0,0,0,98
空间—影像：电影的未来,7.8,25,0.99,4851
重返乐园,7.2,13,1.99,2376
星尘旧梦,7.4,24,1.99,5581
地狱里的中国,7.8,27,3.99,4042
我们如何与这个芜杂的世界相处,7.2,1318,0,158177
那些在豆瓣阅读写作的人,7.8,130,0,27202
六朝文选,0,0,1.99,1744
你知道的太多了,7.6,573,0,25157
回响与疏明,8.6,35,1.99,10972
向死而生的自由人,8.4,186,1.99,27776
绝对血块虐杀,7.8,20,0.99,1607
有谱的金庸与没谱的古龙,0,0,0,435
安哲罗普洛斯的电影书写,8.2,111,0,6000
摇滚乐入门级装腔指南（上）,8.4,216,0,23472
一条迷影狗的自拍,9.0,46,1.99,9150
心理学读书笔记,0,0,0,2534
爱是什么，我还不知道,0,0,0.99,830
见山又是山 ,8.0,44,1.99,5578
艺术家们,0,0,0,407
写给中国人的常识课,8.2,16,0,12975
寻找一种声音的岸,7.0,23,0,7194
《老子》兵道,0,0,1.99,490
鲁迅、胡适与王小波,0,0,0,711
我曾爱过TVB,8.2,38,0,63986
飞雪录丨吹尽狂沙始到“金”,0,0,0,174
《哈利·波特》隐藏情节与伏笔解读指南,0,0,0,532
编辑部的鸡毛,7.4,98,1.99,3737
浮光掠影照圆桌,0,0,0.00,593
诗经谈：参差荇菜,0,0,1.99,3018
槽意人生,9.6,24,0,10893
异星异客,8.6,42,0.00,2595
理想青年读书法,7.4,205,1.99,24165
摇滚乐就是认真生活,8.2,44,1.99,6510
《三国演义》细细聊,8.0,21,0,41985
六朝文选 | 导读译文,0,0,0,1182
空间、氛围与技巧,7.8,21,0,3698
我爱问小樱,6.8,136,0,4910
另类女性,9.2,68,0,24951
沸腾的齐柏林,8.2,26,2.99,2674
朝向逃逸：洪常秀的尴尬,0,0,1.99,1363
我们如何与这个芜杂的世界相处（第2辑）,7.0,138,0,20318
我爱问小樱2,6.8,41,0,8640
一字一画,7.0,29,0.99,1736
那些下蛋的鸡,8.2,83,1.99,5744
后摇恩仇录,7.4,103,0,7874
石头筑梦,0,0,1.99,1181
8.4,196,19.99,39092386803502617834135671222211826121621225711392
纸上的漫漫人生,8.2,95,0,284342
亚文化阅读笔记,0,0,0,1698
你好，要不要点本书？,8.8,34,2.99,4638
项目经理聊游戏,0,0,0,2091
时代的改变者,9.2,57,2.99,8410
一个自媒体人的自我修养,0,0,0,71
寻求教育的另一种眼光,7.4,12,0,21762
还魂记,8.2,138,0,8373
日本映画乱谈,0,0,0,2475
你知道的太多了（二）,7.8,114,0,15838
玉狐梦话西游记,8.8,89,4.99,14130
坐在马桶上，想诗,0,0,0.10,0.10,1067
浆果与流转之诗,0,0,3.99,709
猪的幸福,0,0,1.99,940
东瀛影像修理铺,0,0,0,2460
我是一个新疆人,8.6,56,1.99,3759
行走在坚忍的大地上,0,0,1.99,776
《权力的游戏》观后感,0,0,0,369
段子嘴，逗比心,0,0,1.99,1708
细品金瓶梅,0,0,0,135
人物杂字,8.2,34,0,4061
更透彻地写时评,0,0,0,22502
三个夏天,0,0,0.99,1125
听说你也见过他,8.0,43,0.99,3915
7.6,20,4204319131927071397452405393462416
闲话红楼梦,0,0,0,604
举个栗子! Tableau技巧,0,0,0,107
叙事的玩法,0,0,0,3359
伟大的电影,0,0,0,11680
四琴成网,0,0,1.99,579
运营小咖秀干货合辑,0,0,0,54
给你的故事打根铆钉,0,0,0,1315
这些人把日常生活玩出了花,8.0,124,1.99,14172
美国人在操心什么？,7.8,111,0,6476
古诗觉醒,8.0,12,0,32357
心理咨询随感录,0,0,0,30919
无数出梦的戏剧,0,0,0,11783
语词概念电影书籍漫谈,0,0,0,26
读武侠小说那些年,7.6,12,0,29425
亵渎电影,0,0,0,21629
我所知道的报纸,6.8,14,2.99,2299
随笔,0,0,0,112
诗与人,0,0,0,96
8.0,26,6.99,8151569252327745414493552344533723357
摇滚青春好相伴,0,0,0.99,997
运动群像,0,0,1.99,935
闲音散律,7.6,38,0,3013
求求你，感动我,0,0,1.99,753
游戏时光,0,0,0,716
啼笑皆非的真实犯罪案件100宗,6.8,11,0.99,1143
面试奇谈-投行小女求职之路,0,0,0,10931
中国经典摇滚MV赏析,0,0,3.99,168
声色场所,0,0,1.99,527
灯花集,0,0,0.99,711
古龙十二钗,0,0,0,766
我在日本做公务员,0,0,0,6162
青春手账,0,0,0,202
收割三池崇史,0,0,0,21366
锦瑟无端,0,0,0.99,844
千鸟,8.0,46,0,4309
上坟记,0,0,0.99,289
当镁光灯闪耀时,0,0,0,842
西游日记——在英国的一年半载,0,0,0,519
尔谈艺术 Art Issue,7.4,27,0,47034
花间一壶酒,0,0,0,1329
遇见你，温润了流年,0,0,0,1098
小说家书桌,0,0,0,1019
画廊上的游吟诗人,0,0,0,18536
考研必须经历的二三事,0,0,0,49
我的德国生涯系列,0,0,0,1947
心生话影,0,0,0,11351
影评,0,0,0,49
考研心理历程,0,0,0,53
文史边角料,7.8,312,0,32399
'希小希'的独特电影影评,0,0,0,6166
导演的自我修养,0,0,0,8485
《聊斋志异》中的爱恨情仇,0,0,0,584
少数人的存在,0,0,0,524
小说学思录,0,0,0,1269
宇宙尘埃与玫瑰庭园,0,0,0,3567
花影塔罗牌读图指南,7.8,19,0,17580
三位科学怪人和一位“西马”哲学家,0,0,1.99,266
看戏观影聊法律,0,0,0,9388
拜古龙：仅以此文拜谢古龙之恩,0,0,0,414
哲学·人生·文学,0,0,0,727
当时明月在,0,0,0,798
4.99,775812571825543577669120
我写给我的信,0,0,0,1424
酒剑楼,0,0,0,23
异星异客 II,7.8,11,0.00,519
一韩说创业,0,0,0,20
西马文论文本细读分析及评论,0,0,0,100
说书人,7.0,46,0,2928
游荡,0,0,2.99,1013
桥下春波绿,0,0,0,568
法律可以是美的,0,0,0,17866
浮生·阅,0,0,0,446
给孩子们讲古代文学,0,0,0,41
我的教育培训创业历程,0,0,0,152
8.0,14,0.99,9798426839103683382036253894366036473857
或庸俗，或孤独,0,0,0,297
人物事件快速记忆,0,0,0,737
隐藏的姑娘,8.0,212,0,39330
写在《红楼梦》的边上,0,0,0,47009
钱乘旦《英国史》课堂笔录,0,0,0,530
思想史,0,0,0,304
阿克塔翁的悲剧,0,0,1.99,184
死亡家,0,0,1.99,136
我家后花园有个核电站,7.0,17,0,2348
作家侧写稿,0,0,0.99,515
价值的折扣,0,0,0,77
我们为什么那么喜欢玩游戏,0,0,0,21762
哲人本横行,7.2,11,1.99,795
「摄影谣言」,7.4,13,0,25471
樱花树和熊猫,8.6,72,0.99,4766
首尔大学笔记,0,0,0,1331
你最有趣,8.8,43,3.99,10516
中式蠢人百科,0,0,0,215
龟城迷踪：后摇亦何言，Tortoise诚能复,7.4,21,0,1340
爱有所爱,0,0,0,525
小趣味,0,0,2.99,623
我的德国生涯,0,0,1.99,2159
伟大也要有人懂--读《金瓶梅》系列,0,0,0,149
这些电影值得被铭记,0,0,0,29601
人性的暴烈与温柔,8.0,115,0,22927
塞满智慧的臭皮囊究竟能走多远,0,0,0,613
过年无事，来读读鲁迅的《故事新编》,0,0,0,1329
周汉林与姚向辉《教父》译本对照辨析,0,0,0,294
我在电影中看见了什么？,0,0,1.99,744
每一次遇见都是一次成长,0,0,1.99,722
爱读书的孩子不用学英文,0,0,0,441
戏味,0,0,1.99,97
阅读的慰藉,0,0,0,693
中二游戏研究院,7.2,17,0,11547
时间的针脚,0,0,0,39
夜读西游,0,0,0,1028
骚乐集（一）,0,0,1.99,137
离开地平线,0,0,1.99,433
1.99,7256837221116196104125112184103
过时录 1,0,0,1.99,148
林下之风的剧评手册,0,0,0,499
（电影推荐）百部优秀与不优秀港产片巡礼,0,0,0,257
谁的职场不小白？,0,0,0,3893
笑林广记,0,0,0,953
道是无情却有情——私读古龙,0,0,0,1445
光影独舌,0,0,0,1448
喜马拉雅天梯：通往雪域秘境之路,8.2,161,0,21815
风之国：丹麦三年,0,0,0,177
青春十年的小记录,0,0,0,143
采采诗情,0,0,0,271
福尔摩斯的银幕轮廻,8.0,45,0,3669
杨锡章的短诗,0,0,0,5498
39631528720628129
诗客酒魂谈诗歌创作,0,0,0,518
成为研究生,0,0,0,13047
清心谈,0,0,0,17
6.00,1457129211981196173128121105136125
专门剧透,0,0,0,2135
野狐禅,0,0,0,18
2017/2018赛季NBA周刊,0,0,0,73
《心》病,0,0,0,677
创意奇才修炼手册,0,0,0,464
文学革新：谱系批评与存在诗学,0,0,0,115
我，就现在,0,0,0,7
保研党的晚饭讨论,0,0,0,80
水霞叙事集,0,0,0,23
游,0,0,0,13
卷里故事,0,0,0,5
分析的劳役,0,0,0,170
电影圣经,0,0,0,20
理财进行时 | 我的小白理财学习笔记,0,0,0,197
夜行记,0,0,0,12
九十度影色,0,0,0,120
《洒家之言》——看不清世界的我想睁眼,0,0,0,16
禅修作家的日常随笔(Part 3),0,0,0,89
人人都爱看电影,0,0,0,46
随笔,0,0,0,201
西北叙事,0,0,0,387
好莱坞的黄金时代,0,0,0,288
自立草堂杂记,0,0,0,488
从天堂到电影院,7.0,16,0.99,1041
曦莹的草稿簿,0,0,0,76
爵士传奇,7.2,11,0,12624
利雅得初体验,0,0,0,49
一不开心就看书,8.8,249,2.99,29727
猪八戒与嫦娥,0,0,0,59
我哥们的弟弟叫陆天,0,0,0,165
她们,0,0,0,380
...,0,0,0,37
不及斋曰,0,0,0,8821
职场妖怪图鉴,0,0,0,32
二十一岁的回忆录,0,0,0,162
艺文与营销 如何兼得,0,0,0,70
光读不写，雁过无痕,0,0,0,23
民国大师玩微信,0,0,0,51
偏激的意见和看法,0,0,0,5
遗珠书评,0,0,0,96
众生相,0,0,0,54
商道维新,0,0,0,7
新儒家文化探索心路--论语笔记（1）,0,0,0,80
新视野,0,0,0,67
悠悠亦春秋,0,0,0,10
黄泰随笔,0,0,0,103
佛系精神生活指南,0,0,0,616
窝在家里看侯麦,0,0,0,72
去动物园上班,0,0,0,26
当食指触到电影,0,0,0,4456
陪你度过漫长岁月,0,0,0,176
横七顺四砖窑影话,0,0,0,416
读人笔记——100位斜杠榜样的文字力量,0,0,0,1759
丼 風船 醍醐味,0,0,0,2260
封言风语,0,0,0,4904
我仍爱着TVB,0,0,0,4283
新儒家文化探索心路--论语笔记（1）,0,0,0,80
日本·影像,0,0,0,2054
翻页的光影,0,0,0,2462
从三十岁开始,0,0,0,177
1411103584033418317913625073175
Just dú it,0,0,0,57
说苏,0,0,0,532
生活美如斯,0,0,0,231
痛也是一种快感,0,0,0,72
当我们讨论性别平等，我们在讨论什么？,0,0,0,17
总有些孤独属于你,0,0,0,22
修行者,0,0,0,168
我有一颗蒜，不只是蒜皮,0,0,0,405
读书的朝圣之路,0,0,0,125
我看世界的方式,0,0,0,42
人生消磨,0,0,0,54
秋倏杂谈,0,0,0,357
这样的大学四年,0,0,0,985
晦兮晨星,0,0,0,37
说晚清 道民国,0,0,0,132
时光乱炖,0,0,0,24
浮生随记,0,0,0,33
历史的烟尘,0,0,0,210
我和先生的三两小事,0,0,0,19
蜜糖不甜,0,0,0,194
老眼看世,0,0,0,434
娱打滚儿,7.2,11,0,29551
3.90,2931418131935521533036731937791
明皇与杨妃,0,0,0,460
谁成就了日本惯偷袭的“美名”,0,0,0,528
随感,0,0,0,49
胡说九道,0,0,0,54
杂记,0,0,0,25
云南好色记,0,0,1.99,1926
昨日檄文,0,0,0,778
1.50,185134123181311433
爱情,0,0,0,99
如影随形,0,0,0,52
我不要你死于电影院,0,0,0,1801
文一西路,0,0,0,8
忘风的不正经影评,0,0,0,13
八丁目,0,0,0,440
揭竿记,0,0,0,689
村庄最后的两个季节,0,0,0,131
弦思入梦,0,0,0,23
与它十年,0,0,0,60
心中的那只风铃...,0,0,0,18
莹透的碎片,0,0,0,48
自律,0,0,0,21
剪影（时光）,0,0,0,712
天地间行走的苏格兰牧羊犬,0,0,0,104
以复古创造时髦的摇滚偶像,0,0,0,15
X-SOUL,0,0,0,180
告别21岁,0,0,0,38
京师异闻录,0,0,0,32
无知者无味,0,0,0,56
无处安放的诗,0,0,0,136
幸福其实很简单,0,0,0,43
假装没看见,0,0,0,20
在电影中窥见的，正是你我,0,0,0,607
昼夜,0,0,0,110
鱼和海洋的故事,0,0,0,23
百家爱,0,0,0,108
读诗是一种祈祷,0,0,1.99,534
九点说,0,0,0,13
杰西卡的读书笔记,0,0,0,17
6.99,188104101951510111415
别人在讲的故事,0,0,0,159
书里书外,0,0,0,1748
闪闪发光的儿童文学,0,0,0,95
加拿大的面子和里子,0,0,0,141
可它就是这样过去了,0,0,0,51
香港电影大长篇,0,0,0,2307
Neglected Virtues,0,0,0,36
他的偏旁,0,0,0,2948
5.00,6114203741358511714915114845
独立精神,0,0,0,498
5.99,987731710718411083504949
资深蚂蚱,0,0,0,833
男人是否都一样,0,0,0,1545
昭和小集,0,0,0,105
站在边线,0,0,0,864
阅读之道,0,0,0,176
随笔一,0,0,0,37
泥巴随想,0,0,0,74
人生的定义是什么？,0,0,0,20
小人物的留言本,0,0,0,50
路上笔记,0,0,0,35
读书那点事儿,0,0,0,135
女人,0,0,0,426
知识撩人,0,0,0,102
当代·我·生活,0,0,0,13
点滴,0,0,0,767
读聊斋札记,0,0,0,64
重度逻辑,0,0,0,142
高考日记,0,0,0,25979
三国杀人物技能设定之脑洞水浒篇,0,0,0,48
音声燃烬,0,0,0,17
让我教育教育你,0,0,0,9
那些电影里我们的故事,0,0,0,66
家训传承——立身行事之道,0,0,0,215
秋鹿读书志,0,0,0,88
人生就此做主,0,0,0,26
我的全部努力，不过完成了普通生活,0,0,0,181
无声的惊雷（思想随笔集）,0,0,0,39
除了鸡汤， 我拿什么来安抚你的灵魂,0,0,0,30
细雨集,0,0,0,16
纸上谈兵，画饼充饥,0,0,0,7246
推理之瞳--欧美版,0,0,0,57
西乐导览,0,0,0,34
泛黄的纸,0,0,0,9
老牛头日记,0,0,0,9
《哭过的泪，做过的梦》,0,0,0,43
非差评占比,0,0,0,11
徘徊,0,0,0,30
我想拯救世界,0,0,0,16
流落的北京,0,0,0,145
拉片课——那些你从未认真看过的生活流佳片,0,0,0,494
就让我随意一点。,0,0,0,111
人间喜剧,0,0,0,76
LuryOnWine,0,0,0,19
卯起来蹉跎,0,0,0,17
土城笔记,0,0,0,86
职场趣谈,0,0,0,412
生活的意趣,0,0,0,267
宇文所安是谁,0,0,0,102
随笔集,0,0,0,52
乐动我心弦,0,0,0,101
烟雨随笔,0,0,0,73
SolidSoil的书架,0,0,0,62
有话就说,0,0,0,1098
徘徊,0,0,0,30
我想拯救世界,0,0,0,16
流落的北京,0,0,0,145
我想和他们谈谈,0,0,0,21368
成长之路,0,0,0,423
烂漫的时代：趣读《世说新语》,0,0,0,7278
人间喜剧,0,0,0,76
LuryOnWine,0,0,0,19
卯起来蹉跎,0,0,0,17
土城笔记,0,0,0,86
随笔集,0,0,0,52
1.99,8447096426349868
有话就说,0,0,0,1098
我与过去,0,0,0,996
乐动我心弦,0,0,0,101
烟雨随笔,0,0,0,73
纸上谈兵，画饼充饥,0,0,0,7246
SolidSoil的书架,0,0,0,62
良月聊电影第一季,0,0,0,510
拉片课——那些你从未认真看过的生活流佳片,0,0,0,494
111111,0,0,0,30
时间工程师,0,0,0,14
总部那些事,0,0,0,95
脚步慢下来，才能看到更多风景,0,0,0,107
从头来过,0,0,0,173
故园乡情,0,0,0,25
闲读《堂吉诃德》,0,0,0,63
饭团粑粑,0,0,0,140
丹凤眼猪,0,0,0,161
先生书房,0,0,0,40
山下小谈,0,0,0,55
圣经电影故事,0,0,0,57
电影复写,0,0,0,313
我见我思,0,0,0,4
111111,0,0,0,30
饭团粑粑,0,0,0,140
圣经电影故事,0,0,0,57
从头来过,0,0,0,173
故园乡情,0,0,0,25
闲读《堂吉诃德》,0,0,0,63
缅甸札记,0,0,0,775
时间的碎片,0,0,0,68
丹凤眼猪,0,0,0,161
先生书房,0,0,0,40
山下小谈,0,0,0,55
医生·理发师·教师,0,0,0,181
脚步慢下来，才能看到更多风景,0,0,0,107
电影复写,0,0,0,313
我见我思,0,0,0,4
时间工程师,0,0,0,14
輸姬看詞—姜夔,0,0,0,4631
古风武林榜,0,0,0,131
当我被困于西欧之北,0,0,0,316
雜文堂,0,0,0,46
作旧句子,0,0,0,7005
主妇养成记,0,0,0,2381
人为什么要努力,0,0,0,76
为了2016,0,0,0,21194
电影：秒读，妙解！,0,0,0,587
一千零一夜·书祭,0,0,0,879
再见凯鲁亚克,0,0,0,256
总部那些事,0,0,0,95
左手拿刀，右手拿叉，把生活慢慢享用,0,0,0,137
1.99,5121449251761160770739635566741612
《论语》里的天道密码,0,0,0,492
吾稿,0,0,0,19
某年某月某日,7.2,77,0,21144
Z先生的后花园,0,0,0,130
张小废的胡思乱想,0,0,0,68
你在英国有点远,0,0,0,61
如果可以,0,0,0,26
非著名：电影评论与推荐,0,0,0,1361
留学两三事,0,0,0,30
书影中世界,0,0,0,376
一逝烟火 一枕凉笙,0,0,0,373
碎碎念,0,0,0,178
娱乐人间事,0,0,0,124
老郝老好了,0,0,0,30
游记珠海,0,0,0,79
见,0,0,0,679
千篇一律,0,0,0,24
和姐姐一起玩写作,0,0,0,69
给即将21岁的我的一封信,0,0,0,16
杂书经眼录,0,0,0,821
三国杀高手秘籍,0,0,0,24623
灵魂密钥,0,0,0,5477
意识流,0,0,0,414
吱儿吱儿,0,0,0,36
一个小二线城市老青年的日常,0,0,0,48
卦事奇谈,0,0,0,436
寻光集,0,0,0,16
圣经思想录,0,0,0,99
起风了,0,0,0,43
高山的寓言故事,0,0,0,23
从电影的窗口望出去,7.6,18,0,1015
西哲漫谈,0,0,0,672
自醉集,0,0,0,858
佐餐罐头,0,0,0,2862
中国独立电影导演访谈录,0,0,0,4431
历史就是这么回味无穷,7.8,21,0,57384
诺贝尔文学奖新论,0,0,4.99,1309
随心所欲,0,0,0,44
不要叫醒我 等我自己醒来,0,0,0,15
想写时 就写写,0,0,0,30
不得不说的话,0,0,0,97
驾驶所思,0,0,0,400
大道至简,0,0,0,45
悲观主义者的自述,0,0,0,578
微言剧评,0,0,0,84
msiy,0,0,0,17
我在深圳路过的那些人,0,0,0,10
话三国,0,0,0,99
一个小角落,0,0,0,7
书影评集,0,0,0,48
愿逐月华流照君,0,0,0,40
lucy的日记,0,0,0,12
旺旺屋,0,0,0,300
宇宙和平爱基地,0,0,0,19
乔木笔记,0,0,0,13
人生与戏,0,0,0,118
写给她的第999封情书,0,0,0,19
“枪花”往事,9.2,27,0,10294
精神的日常,0,0,1.99,186
学习随笔,0,0,0,12
平淡复归于平淡,0,0,0,1974
重读《唐诗三百》,0,0,0,116
叹息后的热情,0,0,0,28
拙阅周刊,0,0,0,62
乘着光掠过影,0,0,0,80618
走出“高原地带”——姜广平教育随笔,0,0,0,150
点解开悟博弈之门,0,0,0,324
情缚,0,0,0,79
在美术馆当志愿者,0,0,0,20
不是为了对照,0,0,0,743
旅见不鲜,0,0,0,1060
每天一本书,0,0,0,50
亍寒掠影,0,0,0,59
人心的地震,0,0,1.99,1720
活在单身的日子里,0,0,0,98
夜空中的星光,0,0,0,84
独家心事,0,0,0,141
闷闷闷,0,0,0,11
胡思乱想,0,0,0,11
影音,0,0,0,14
写给蜗牛的一些信件,0,0,0,48
忽而我就变成了任我行,0,0,0,1012
生活备忘录,0,0,0,110
声色万象,0,0,0,1749
尚有来处，未知归途,0,0,0,30
逃跑的少女,0,0,0,23
三十六记,0,0,0,55695
童年的赠礼,0,0,0,158
读书有范,0,0,0,116
冷眼向阳看世界,0,0,0,662
旅见不鲜,0,0,0,1060
“枪花”往事,9.2,27,0,10294
人心的地震,0,0,1.99,1720
活在单身的日子里,0,0,0,98
夜空中的星光,0,0,0,84
心灵是生活之累,0,0,0,696
独家心事,0,0,0,141
闷闷闷,0,0,0,11
胡思乱想,0,0,0,11
每天一本书,0,0,0,50
写给蜗牛的一些信件,0,0,0,48
忽而我就变成了任我行,0,0,0,1012
不是为了对照,0,0,0,743
影音,0,0,0,14
生活备忘录,0,0,0,110
冷眼看天下,0,0,0,15
尚有来处，未知归途,0,0,0,30
读书有范,0,0,0,116
三十六记,0,0,0,55695
冷眼向阳看世界,0,0,0,662
谁的大学不迷茫,0,0,0,170
活在电影的世界里,0,0,0,723
暴风雨的午安,0,0,0,67
最坏不过余生都是回忆,0,0,0,106
不尽长江,0,0,0,2518
画不成话——散论国画,0,0,0,68
雪夜与风花,0,0,0,1761
读者的试炼,0,0,0,179
三两事之书评,0,0,0,11
谈谈情・说说法,0,0,0,340
救救“痴人”,0,0,0,23
聚光灯下,0,0,0,1653
灣灣的月亮,0,0,0,28
好风长吟,0,0,0,32
活字游,0,0,0,129
在电影里虚度时光,0,0,0,518
尘境心影录,0,0,0,4378
独自等待,0,0,0,27
给安的信,0,0,0,39
失望的季节,0,0,0,193
读书心得兼散文,0,0,0,83
想想和叨叨——不深刻读书笔记,0,0,0,84
睦章读水浒,0,0,0,263
心灵是生活之累,0,0,0,696
船长读画,0,0,0,219
一双还算大的人文眼,0,0,0,49
洛丽塔：我的生命之光，我的欲望之火,0,0,0,26
成长简史：在怀疑中坚持,0,0,0,10
清凉斋杂话,0,0,0,36
冷眼看天下,0,0,0,15
我最爱喝假酒,0,0,0,60
我要去你到过的地方,0,0,0,54
红尘谱,0,0,0,30
人的本质,0,0,0,102
3.99,33025921762555054755449
我是人,0,0,0,17
胡思乱想,0,0,0,49
天使在人间,0,0,0,1820
日本科幻人物谱,8.8,26,0,5552
我们的猴面包树,0,0,0,38
帝都漫走,0,0,2.99,1601
一位WOW玩家的艾泽拉斯往事,0,0,0,1556
水浒小人物系列,0,0,0,110
读立日,0,0,0,712
读史笔记,0,0,0,34
墨尔本小城戏剧,0,0,0,1263
浮光掠影,0,0,0,68
切歌继续向前走,0,0,0,7
华语电影之东拉西扯,0,0,0,9000
电影随笔,0,0,0,2310
电影，作为纯粹的艺术,0,0,0,589
尼采究竟是个什么人？,0,0,0,1180
你永远无法预知未来,0,0,0,862
过山车,0,0,0,12
老斯基漂移,0,0,0,61
在想象里写梦,0,0,0,364
香港影视歌,0,0,0,44
0,0,0,0,52
观影赏乐指南,0,0,0,103
傍晚的一场雨,0,0,0,5
读书笔记,0,0,0,10
粉丝们久等了,0,0,0,79
小女子的时评日记,0,0,0,172
写给自己的歌,0,0,0,68
晨曦英雄的小黑本,0,0,0,12
望见平凡,0,0,0,259
樱眼看书,0,0,0,97
2000164917081067173
瞎子看电影,0,0,0,469
我笔下都是好电影,0,0,0,2546
《双峰》的世界,0,0,0,1108
民国笑林记,0,0,0,4394
林下之风的韩剧手册之2018夏秋篇,0,0,0,17271
诗享者,0,0,0,258
初夏的pick,0,0,0,5
眼中岁月·纸上流年,7.4,26,0,14583
影悟者,0,0,0,7178
13349959279690143
阅读的美学价值,0,0,0,3290
我想好好爱你,0,0,0,8
《史记》读后感,0,0,0,1363
臭屁先生，你好！,0,0,0,52
十论,0,0,0,877
坐井,0,0,0,4942
老兵不死,0,0,0,326
平凡姑娘的平常生活,0,0,0,63
行者无疆,0,0,0,56
一条戴帽子的狗,0,0,0,12
如何说话让学生乐于接受你的任务,0,0,0,50
我和电影书籍的那些事,0,0,0,14
重读经典,0,0,0,6230
30嵗，人生剛開始,0,0,0,40
给女朋友的检讨书,0,0,0,156
赛赛一毛赛,0,0,0,32
女性的自我觉醒,0,0,0,1410
十五年,0,0,0,121
再见2004,0,0,0,15
写在2017,0,0,0,64
A Final Understanding,0,0,0,151
我曾遇见同样的你,0,0,0,122
这些新片，我帮你看了,0,0,0,20
浮生,0,0,0,11
大头怪你为什么要歌唱,0,0,0,18
明眸看你我,0,0,0,268
鱼形幻想,0,0,0,11
带我来者 带我归,0,0,0,211
都市女人故事,0,0,0,8
奇思与非平凡,0,0,0,18
每月一个21天主题挑战,0,0,0,41
儒学偶得,0,0,0,36
伤者，自愈！,0,0,0,13
英美影视评论集,0,0,0,165
景象,0,0,0,11
今天也是平淡无奇的一天,0,0,0,60
隔壁那桌人,0,0,0,33
过山车,0,0,0,21
闲话中国,0,0,0,12
爱呀，坏生活,0,0,0,7887
风雪盈门有佳花,0,0,0,377
童稚启蒙,0,0,0,2737
影与歌,0,0,0,160
《微书话1018》,0,0,0,151
我的高三,0,0,0,38
每一个姑娘都有属于自己的歌,0,0,0,1194
愛と正義の少女,7.6,14,0,2617
电影电视剧观后感,0,0,0,39
26号诗,0,0,0,17
春秋战国解,0,0,0,276
如丧的一百种表达,0,0,0,53
明拳理，述拳论！,0,0,0,118
岁月如诗,0,0,0,26
枝繁叶茂,0,0,0,33
对不起大家，我不开心,0,0,0,417
论作者都是精分,0,0,0,72
9.00,165014111379276232228195190175110
我本单身,0,0,0,43
晓窗里,0,0,0,373
搜神,0,0,0,219
风雪盈门有佳花,0,0,0,377
昨夜朱楼梦,0,0,0,30
明拳理，述拳论！,0,0,0,118
枝繁叶茂,0,0,0,33
无题,0,0,0,37
《从0到1》发散,0,0,0,127
我本单身,0,0,0,43
如丧的一百种表达,0,0,0,53
杂家Milkeffee,0,0,0,6
没发誓做了不起的人，也不想这样过一生,0,0,0,31
对不起大家，我不开心,0,0,0,417
谈谈读过的茅盾文学作作品,0,0,0,59
地铁行思录,0,0,0,53
春秋战国解,0,0,0,276
年的味道,0,0,0,1161
岁月如诗,0,0,0,26
一字一悟,0,0,0,69
电影里的人怎么了——电影与心理学,0,0,0,162
等雨停,0,0,0,32
娱乐怎么看,0,0,0,6874
纽约叙谈—这座城和走过的人,0,0,0,8
小刘侃封神,0,0,0,990
闲聊王者荣耀,0,0,0,65
看谁都不顺眼,0,0,0,33049
商业社会与理性意识,0,0,0,38
嘿！读书会,0,0,0,56
电影狂热分子,0,0,0,2686
深深深森呼吸,0,0,0,11
吃电影,0,0,0,1039
细思极恐读红楼,0,0,0,78
随手札,7.8,19,0,12134
克卜勒少女回忆录,0,0,0,19
《生活俗语》,0,0,0,8
生活有理,0,0,0,37
客地灯寒梦远,0,0,0,54
亲情，带辣味的反思,0,0,0,861
我的成长日记,0,0,0,218
我的裸辞日记,0,0,0,314
不食竹子的熊猫,0,0,0,11
琨·闲评,0,0,0,3282
返乡手记：乡村的贾跃亭和乐视,0,0,0,11
思考集,0,0,0,10
孤独者的酒杯,0,0,0,14
商业社会与理性意识,0,0,0,38
小说评论随笔,0,0,0,220
肖邦的解剖室,0,0,0,5
MY TALK,0,0,0,11
昆南杂感,0,0,0,222
克卜勒少女回忆录,0,0,0,19
女神那些事儿,0,0,0,3279
一个普通人的日常,0,0,0,45
等雨停,0,0,0,32
457394373373356352355356355380
纽约叙谈—这座城和走过的人,0,0,0,8
妈妈去世前的那三年,0,0,0,255
光影潮生曲,0,0,0,273
野蛮的教育,0,0,0,62
董小姐拾美记,0,0,0,50
影人志,0,0,0,258
书与人,0,0,0,905
大聪简片室,0,0,0,141
谈恋爱这事儿,0,0,0,81
帷幕背后,0,0,0,8475
那些路过的人,0,0,0,72
细思极恐读红楼,0,0,0,78
大家都有病,0,0,0,11742
听江客栈,0,0,0,156
