深夜情诗,8.4,294,1.99,30553
饿水仙,7.8,21,1.99,1818
新月集,0,0,5.99,1607
勃朗宁夫人抒情十四行诗（中英对照）,0,0,1.99,2078
名字是令人发愁的东西,0,0,0,719
宇宙奇趣全集,7.2,13,0.00,784
飞鸟集,7.8,14,5.99,3384
荒原,8.6,17,2.99,2999
与暗录,0,0,0.00,421
自我之歌,0,0,1.99,3007
艾米莉·狄金森诗歌集,0,0,11.99,5783
打飞机,6.2,48,0.99,10345
等我胖了再揍你,7.6,482,0,29308
骰子滚动在漂流瓶里,0,0,0,3348
仪式的焦唇,0,0,1.99,1560
我不爱苍生，我只爱风月,8.2,100,1.99,17790
半衰期,7.6,18,1.99,3208
私人生活,0,0,1.99,1622
先知（中英对照）,0,0,1.99,2753
修辞狂热,7.0,11,0.99,1520
罗汉草,7.4,37,0,2541
未遂,8.6,25,1.99,2839
当我在这座城市走失,7.2,57,0,5778
过期香蕉,7.0,176,0.99,9621
爱不止是你的深渊,0,0,1.99,3054
执梦集,7.4,16,0.99,1803
有兽音盲如雪,8.0,20,1.99,2189
十二个梦,8.2,15,0,1244
病态诗剧,7.0,36,0,2476
春日列车,0,0,1.99,1342
兼职诗人,7.2,14,1.99,3297
养蜂手记,8.2,23,0.99,3138
独角兽的森林,9.2,41,0.99,5993
哈罗德·品特诗歌六首,8.0,27,0.99,2363
每日一首英文诗,0,0,0,2321
潜水艇疗法,7.0,41,0,2957
雪中的爱神像,7.6,13,2.99,1452
安东妮娅·波齐诗选,7.6,21,1.99,6719
医荷,8.4,18,0.99,1236
我不因拥有玫瑰而感到抱歉,0,0,0.99,752
不系之舟,7.4,49,0,3717
草叶青窗,7.4,14,0,2267
银子,8.0,16,1.99,1826
谬误缠绕谬误,0,0,0.99,1132
迟迟,8.0,14,0.99,2410
死木,0,0,0.99,822
比利提斯之歌,0,0,1.99,1800
苏瓷瓷诗集,0,0,4.99,2175
亲吻悬崖,0,0,1.99,1546
我沉默的爱无以言说,8.6,59,0.99,5589
乔治·巴科维亚诗选,0,0,0.99,863
感谢世界不曾看我一眼,7.2,20,1.99,4572
如烟的飞鸟啊,0,0,1.99,596
天地间的目光与游戏,0,0,0.99,912
一本道,0,0,2.99,1486
总想对谁说起你,8.4,109,0.99,6885
雨中纪事,7.8,18,1.99,1976
出埃及记,0,0,6.00,1199
野马与孤鸟,7.4,48,0,7403
莲花，是水的抓痕,0,0,0.99,341
一百种疼痛,7.8,17,0.99,2515
游吟生涯,0,0,0.99,322
忠义市场,0,0,0.99,527
孤山,0,0,0.99,673
学习辨别物候,0,0,0.99,1005
室内诗,0,0,0.99,795
混日子,8.0,29,6.00,2989
仓央嘉措《情歌》摹译,7.2,30,1.99,4594
我的人性如此颠簸,0,0,0.99,1166
云梯计划,0,0,15.00,2276
2017-2018 断片集,0,0,0,44
诸多令我偏爱的事物,7.8,16,0.99,897
鲁拜集,7.4,15,0.99,1891
往日的折痕,7.4,44,0,15872
苏三有路秦魏晋,7.4,31,0,2352
画家日记,0,0,1.99,453
看，那只鸟飞得又高又快，它该不会是鸟运动员吧,7.4,34,0,1615
诗95首,6.6,77,0,9501
他的天空,0,0,1.99,242
两只蝴蝶要离婚,6.6,136,0,2274
水的往事,6.6,24,0,1974
卑微刺穿了那些,7.2,46,0,5938
隐喻间,7.6,82,0,4320
清白之年,0,0,0.99,254
恬静与忧伤,7.6,24,0.99,2116
不想当魔法马车的南瓜都不是好南瓜,7.6,141,0,5256
青空下的钟摆,0,0,0,1118
唱戏,0,0,0,9503
诗歌学院的劣等生,0,0,0.99,353
枪声仄仄平,7.2,12,0,808
蓝,7.4,85,0,11080
风凉句与自了诗,0,0,0.99,1494
白昼,0,0,0,4367
猫人与诗,0,0,0,64455
命中的途,0,0,1.99,441
成都书,0,0,1.99,636
深度脱轨,0,0,0.99,522
雨时辰,0,0,0,1718
从龟兹到高昌,0,0,0.99,79
昨日之树,7.6,12,0.99,1375
深度脱轨,0,0,0.99,522
我不习惯秘密,0,0,0.99,476
我从所有的地方回来,7.6,11,1.99,1238
以时间为题,0,0,1.99,269
故乡的诗,6.8,15,0,4308
妹妹你终将死去,8.0,275,0,20146
私愁之路,0,0,0.99,311
爱的海洋,0,0,1.99,1397
桃花,7.2,17,0,4867
九毛九,7.2,17,0.99,1643
光之渊,0,0,0.99,352
少数派,0,0,0.99,415
痴人梦语（英文原创诗歌系列）,0,0,0,194
迷穴,7.2,17,0,3573
孤独者的夜歌,7.4,50,1.99,4530
不能像野兽行走的日子,0,0,0.99,852
他,9.2,31,0.99,3066
毕加索的向日葵,0,0,1.99,501
在时光与落日之间,7.0,81,0,6030
拙劣的修辞,0,0,0.99,477
莫韵唱晚,0,0,0,8
骑帚谣,0,0,0.99,819
光荣物种的爱情,7.2,28,0,4892
今宵别梦寒,0,0,0,67
妈妈的乳房和我的小鸟,7.6,87,0,9000
长句子和短句子,0,0,0,1624
典型叙事,7.4,16,0.99,941
第西天,0,0,0.99,468
为你写诗 非你勿视,0,0,0,15772
进退·第六期,0,0,0.00,278
秋变,0,0,2.99,297
妈妈不会告诉你的道理,6.0,60,0.99,5616
梦与醉中的古希腊,7.4,23,0,6720
百兽遗言,7.4,33,0.99,988
当我盛年时,9.2,24,1.99,4559
【三行情书】喜欢世界喜欢你,0,0,0,190
巳亥集,6.8,46,0,3870
未接房东来电,7.8,15,0,615
漂亮姑娘,0,0,0,286
爱不可知微量元素,6.4,152,0,4740
镜面之光,0,0,0.99,862
十七首孤独,7.4,13,0.99,1291
胳膊分叉，变成了手,7.8,15,1.99,1414
歌声乍起,6.8,16,0,2973
被动者得其词,0,0,1.99,154
猪鸡瓜炖海带，越吃越可爱,0,0,1.99,645
时间花园,7.8,40,1.99,2664
所有的有意义和无意义,7.6,84,0,10653
西南方的地窖,0,0,1.99,153
诗匣,7.0,14,0.99,680
昨日幻象,7.2,57,0,4975
野火集,0,0,0.99,565
三次或四次水逆,6.8,30,0,1773
松松湖,0,0,0.99,705
叙述和抒情,0,0,0,131
诗生活,0,0,0,19420
医生会查字典吗,6.6,173,0,3646
莫比乌斯,0,0,1.99,658
未命名文档,0,0,1.99,421
孤独与万有引力,0,0,1.99,1814
银诗,0,0,0.99,402
迁徙年,7.6,26,0.99,1621
独行之歌,0,0,0,441
作意书,0,0,0.99,208
莎士比亚商籁新译笺注,0,0,3.99,823
去吧，我的诗,7.2,12,0.99,1491
青秋诗选,7.0,33,0,1293
初心,7.0,52,0,12001
观心集,0,0,0.99,2264
向晚诗选,6.8,24,0.99,1620
公车上书,6.2,162,0,4064
伐木丁丁,7.6,14,0.99,818
熊猫日记,5.8,97,0,5112
一只鬼的抒情,0,0,0.99,643
愚人塔,0,0,0.99,656
星城诗草,7.8,27,0.99,1978
目已集,7.0,50,0,4101
虚妄的传记,0,0,0.99,160
宁杭道上,0,0,2.99,295
九夜诗,6.8,34,0,6034
结绳纪,0,0,2.99,543
来一诗选,7.8,12,1.99,667
夜色甜美,0,0,1.99,1111
往事的发条,7.2,30,0,2551
南望山,0,0,0.99,579
灰鸽翎,0,0,1.99,300
我爱世界一如当初,8.0,185,1.99,24641
鲜焰,0,0,0,1769
要不要把剩下的桃子都吃了,8.0,55,0,7944
石屋独白,7.4,59,0,1877
我在云上,0,0,1.99,568
娶一个单纯的女孩,0,0,0.99,320
被你全身的雪,0,0,0.99,706
写给姑娘的诗,6.0,61,0,7714
《漂飞鸟》新译,0,0,1.99,2073
恶夜三斋,7.2,13,4.99,529
撒旦十章,0,0,0.99,147
新务虚笔记,0,0,0.99,262
马和这个时代的一份精神契约,7.4,11,0.99,1412
困惑集,6.8,42,0,6671
金风辞,0,0,0,942
无不无聊都使人做梦,0,0,0.99,890
一纸旧时光,0,0,1.99,623
从19岁，给你和自己写诗,7.6,14,0.99,2982
日常生活,0,0,0.99,296
进退·总第五期,0,0,0,695
她的心静的在下一场雪,7.2,112,0,22288
从草叶上跳入世界,7.8,27,0,5005
我们,0,0,0.99,958
歌集,6.6,12,0,3343
地球以外的时间,0,0,0.99,755
不在身边的情人,6.8,32,0,4340
柔性边界,0,0,0.99,298
永埋尘埃,0,0,0.99,570
复返,7.0,18,0,927
编织的人,0,0,0.99,951
故乡的秋天,7.0,45,0,9733
豹子的花园,0,0,0.99,584
水边漾歌,0,0,0.99,177
没有伞的人，你要努力奔跑,0,0,0.99,1060
泰坦尼西亚,0,0,0,244
呓呓集,0,0,0.99,540
白云国,0,0,0.99,1083
寒露集,8.2,215,0,12878
流亡之歌,0,0,0.99,349
红蓼的墓野,0,0,0.99,268
借刀,0,0,1.99,465
无忧歌,0,0,0.99,463
人间美景,0,0,0.99,573
我是刺,7.2,95,0,26387
凌晨漫游指南,8.0,11,1.99,487
小宇宙歌谣集,8.0,13,0.99,832
一生,0,0,1.99,1166
树梢情诗集,0,0,0.99,1315
花光了的时光机,0,0,1.99,272
灰色星期,0,0,0.99,161
当色彩遇见,0,0,0.99,357
来来来，让我们忘了北京,7.2,14,0,1373
若梦浮生,0,0,1.99,656
你看到时，便醉了,7.8,88,0,19300
时间山,0,0,0.99,388
未变形前的卡夫卡,0,0,0.99,386
迢遥的梦,7.0,36,0,2071
沙漏,6.4,40,0,2553
猛虎,0,0,0.99,124
地下城市,7.2,18,0,2323
反风景,0,0,1.99,335
消失,8.8,47,1.99,5907
那一年，我们在西安当螳螂,0,0,1.99,180
福麟阁藏诗,0,0,0.99,260
虚无之诗,0,0,0.99,485
刺杀马号街,0,0,1.99,367
小镇的诗,7.8,15,0.99,1365
秋天抄录,6.6,13,0,6590
古诗十九首,0,0,0.99,357
耳东陈,0,0,0,792
浮游集,8.0,170,0,20547
不朽的诗魂,0,0,5.99,273
菜谱,0,0,0,53
but、,0,0,0,8
带儿子到山岗上看望几个他从未见过的人,0,0,0.99,233
静思。静诗,0,0,0,1259
个人诗歌集,0,0,0,161
长短句,0,0,0,22
石牛的诗歌,0,0,0,93
绿在林梢的闪电,7.4,19,0.99,1105
门牌34号,0,0,0.99,157
断垣之歌,7.0,14,0,2287
现代诗歌,0,0,0,38
二丁一百首,0,0,0,82
超字恋小姐,0,0,0,9920
我们的诗歌,0,0,0,1434
八宅一生,0,0,2.99,211
《你，我》,0,0,0,211
开满花的荒草堆,0,0,0,699
门牌34号,0,0,0.99,157
临崖乱走,0,0,0,14
春夏-诗集,0,0,0,29
田园与炊烟,0,0,0,89
无所事事，学写情诗,0,0,0,39
夏日里的鹅毛飞雪,0,0,0,15
《2017唾沫诗选》,0,0,0,311
送自己一颗糖,0,0,0,86
bjfu,0,0,0,32
晴天的小杂感,0,0,0,12
嘿，傻瓜们,0,0,0,65
似是而非,0,0,0,18
双字如人对望,0,0,0,723
某一首诗,0,0,0,265
症候群,0,0,0,589
八宅一生,0,0,2.99,211
素心聊诗词,0,0,0,20
葬花集,0,0,0,31
田园与炊烟,0,0,0,89
致凉小殊,0,0,0,5
诗若干,0,0,0,11
添心,0,0,0,12
小说,0,0,0,1480
橘子，橘子，凉凉的,0,0,0,141
夏日里的鹅毛飞雪,0,0,0,15
人间五月,0,0,10.00,1017
日常诗,0,0,0,27
艰难之活,0,0,0,35
嘿，傻瓜们,0,0,0,65
似是而非,0,0,0,18
分行器一号,0,0,1.99,732
片语只言,0,0,0,139
铁元素在呼吸,6.8,29,0,1408
不锈钢工厂,0,0,0.99,108
野马的歌集,0,0,0.99,1480
时间的密语,0,0,1.99,144
倾诉与聆听,0,0,0,611
小诗,0,0,0,15
禅心,0,0,0,17
写诗的人假正经，看诗的人最无情,0,0,0,7396
减思,0,0,0,112
旧的乳房,0,0,0,4937
那边的乌鸦只能是那种颜色,0,0,0.99,456
诗余：鱼的话,7.4,23,0,5786
自然生活,0,0,0,2464
七日,0,0,0,220
寄居人间,0,0,0,1483
还没有死的是风吹拂的感觉,0,0,0.99,1001
一千零一把小提琴,0,0,0,247
出黄土记,0,0,0.99,273
南半球的风,0,0,0,13
不正常分割线,0,0,0,139
宙,0,0,0,467
佚名集,0,0,0,105
衡阳雁,0,0,0,9
云呐龙喊,0,0,0,1397
不岸,0,0,0,105
像苍蝇一样有种,0,0,0,297
东方礼赞诗歌集[二],0,0,0,7161
未名的歌,0,0,0,57
无题,0,0,1.99,455
鹤鹭的路,0,0,0,37
尔如雪,0,0,0,8
小单车有痒痒肉吗,7.8,131,0,4402
钝辞,0,0,0,2018
人生啊人生,0,0,0,23
四级高频词汇速记造句,0,0,0,210
写给昊林的诗,0,0,0,334
飞行半空的禁忌,0,0,0.99,496
红夜,0,0,0,80
我听见有人在笑,0,0,0.99,165
三生有幸生万物,6.8,17,0,975
也许,0,0,0,473
北境素描,0,0,1.99,785
短距离,0,0,0,142
拥有的世界，我青听给你,0,0,0,221
未知物,0,0,0,228
绷带,0,0,1.99,337
新诗十九首,6.8,53,0,2577
夜莺,0,0,0,89
诗的内心活动,0,0,0,92
野犬,0,0,0,89
每一次回家都是一次长途旅行,0,0,0.99,513
诗性耽漫·孤独的表观符号,0,0,0,302
《我是一颗金子》,0,0,0,54
叙事,0,0,0,193
迷宫中的小夜曲,0,0,0.99,143
来，我们来谈谈孤独,7.4,11,0.99,2138
暗夜独行,0,0,0.99,333
记诗,0,0,0,27
独立日,0,0,0,254
情诗有姓,0,0,0,224
知音难觅,0,0,0,51
人间冷雨,0,0,0,1309
启蒙,7.4,29,0,1536
有的人正忧伤的死亡,0,0,0,426
诗人的病去,0,0,0,150
我们生来就孤独,0,0,0,22
寄素帛予你,0,0,0,790
古风,0,0,0,17
少墨集,0,0,0,155
你要去哪里？,0,0,0,152
写到一百首，嫁给我好吗？,0,0,0,10
Lula Young ,0,0,0.99,852
冬之光,7.6,22,0,3541
叼烟斗的男孩,0,0,0.99,654
念念不忘，愿有回响,0,0,0,17
边缘,7.2,11,1.99,1205
逝去的岁月,0,0,0,1380
春归,0,0,0,31
旅行,0,0,0,20
兰花故里:你的全世界,0,0,0,27
低温动物,0,0,0,2071
《溪林集》,0,0,0,91
献给年华的诗歌,0,0,0,26
追心逐月,0,0,0,6417
我就是一壶苦涩的药,7.6,77,0,5024
小海的世界,0,0,0,22
情书,0,0,0,575
国王明天做什么,0,0,0,258
那些男人造出没有母亲的女儿们,6.4,20,0,1486
豹子的黄昏,0,0,0.99,816
换季／彗星追尾,0,0,0.99,710
引吭高歌,7.6,21,0,3953
胡思乱想集,0,0,0,149
人生的量化,0,0,0,32
国王也不了解这条河流,7.2,20,0,2947
删除观众,0,0,0.99,696
另一种夜晚,7.2,80,0,11090
征服生命的悲哀,0,0,0,802
路过青春的你,0,0,0,166
路口,0,0,0.99,313
朗月菩提,0,0,0,4014
写不出的诗,0,0,0,28
诗歌小辑,0,0,0,12
我是一条疯狗,0,0,0,177
地球的萌齿,0,0,0,481
月光下的幻想,0,0,0,156
草芥,7.6,13,0,2059
空想集（修订版）,7.0,46,0,9140
中国房子,7.2,14,0,2331
神经病的回忆,0,0,0,334
诗忆,0,0,0,47
囚徒,0,0,0.99,495
三十三朵花与一只蝴蝶,7.2,12,0,3060
葬礼进行曲,0,0,0,25
不成诗歌的诗,0,0,0,219
卡埃罗诗三十首,7.0,12,0.99,1487
哑炮,7.2,20,0,1855
韵脚诗词,0,0,0,3464
敏感词,7.2,18,0.99,2605
在果园 大禹诗集,0,0,0,3924
写给昊林的诗,0,0,0,25
种子是不灭的,0,0,0,77
写给深夜的诗,0,0,0,47
阳歌,0,0,0,71
独我,0,0,0,38
秋风诗集,0,0,0,89
普通的一天,0,0,0,110
只能如此,7.6,47,0,5340
东方礼赞诗歌集[三],0,0,0,9469
蝉如雨,0,0,0,55
灯火阑珊,0,0,0,347
小呓语,0,0,0,101
还会有更多的不欢而散,7.6,14,0.99,955
三个石头,0,0,0,32
每个人都拥有一百年,0,0,0,9
沦陷区,6.8,61,0.99,3564
轻轻摇晃,0,0,0,80
虫子与神灵,0,0,0.99,500
海子的诗,0,0,0,27
近似无限接近的你,7.2,161,0.99,39008
年间草稿,0,0,0.99,618
这一年我回到北方,0,0,0,172
东方礼赞诗歌集[一],0,0,0,10062
空涧流音,0,0,0,27
汀公子的古诗集,0,0,0,617
小吏与倒置阁楼,0,0,0,494
之死,0,0,0.99,419
阿司匹林,6.8,158,0,7552
我在边城,0,0,0,417
有一首诗，代表着整个青春,0,0,0,220
各自远扬,0,0,0,167
抑郁的轻吻,0,0,0,1391
命运与风景,0,0,0.99,185
Sisyphus爱情故事,0,0,0,258
丁芳诗歌,0,0,0,275
只活一次,6.8,27,0,5239
雪落天堂,7.0,18,0,954
失真的悬崖,0,0,0.99,1190
夜色中庸,0,0,0,1170
影子行人,0,0,0,56
影与沙,7.4,18,0,5075
微尘,0,0,0.99,677
谁的裤衩在迎风飘扬,0,0,1.99,1140
穿过一条街，你在那里烤白薯,7.6,200,0,12153
八方的的诗集,0,0,0,189
枫叶情深,0,0,0,43
把你种到另一个星球去,0,0,0.99,333
荒怪,0,0,0,20
星的诗,0,0,0,4399
华光与来路,0,0,0,45
小雨滴,0,0,0,1606
冷雨,0,0,0.99,230
泊伊希亚,0,0,0,4
骑蛇去湖边,0,0,1.99,616
时代与刀的赞美诗,0,0,0,1147
碎梦集,0,0,0.99,431
游弋,0,0,0,205
《怎么拥抱我的马拉特小镇》,0,0,0,142
想到你哭泣,0,0,0.99,860
安静的先生,7.0,55,0,2775
飞鸟的诗,0,0,0,55
假装是诗,0,0,0,24
无人问津,0,0,0,10
年华虚张,0,0,0,137
印记,0,0,0,145
白猿,0,0,0,62
她走失了,0,0,0,217
阿当的诗,0,0,0,66
如同坐在炎夏的树荫下吃西瓜,0,0,0,1485
藏掖的羽毛,7.2,43,0,1553
林间花树,7.6,12,1.99,322
山水无期,0,0,0,510
沉默而雅致的年代,0,0,0.99,559
爱在星辰,0,0,0,67
屿然诗选,0,0,0,185
飞鲸骑士,0,0,0.99,485
瓷器店,6.6,21,0,1476
魔性逗比诗歌集,0,0,0,585
木羽诗集,0,0,0,57
1/2情shi,0,0,1.99,832
退路不染灰尘,7.2,105,0,6409
脑洞里还有一座金矿,0,0,0,265
不为谁而作的诗,0,0,0,15
守望绿萝,0,0,0,19
理想人生（2017·自选集）,0,0,0,36
押韵研究所,0,0,0,25
爱的渴望,0,0,0,296
不色不香,0,0,1.99,1238
致网友的一封信（诗歌集）,0,0,0,271
整个时代的哀伤,0,0,0,1522
孤,0,0,0,754
光影时刻,0,0,0,63
一边疆,0,0,1.99,907
笼中兔,7.4,21,0,3862
言叶集,0,0,0,73
风华集,0,0,3.99,420
黑土以北,0,0,0,24
品墨梦诗,0,0,0,19
