飞蛾之刃,9.0,1199,0.00,232437
不速之客,9.0,446,2.99,60528
罪恶的枷锁 Ⅱ,9.0,288,0.00,32080
阳光洒肩头,9.6,231,0.00,45653
儒隐 之 敦煌密码,9.0,49,0,25319
废城：蜂击,0,0,0.00,861
麦克白效应（修订版）,9.0,52,0.00,29816
无妄之灾,9.0,512,3.99,137130
罪恶的枷锁 Ⅲ,9.4,277,0.00,49584
春树秋霜,9.2,60,3.99,12503
双水村往事,7.4,15,0.00,952
雾云山杀人事件,7.4,25,0.00,5602
盲村,9.2,392,3.99,56361
罪恶的枷锁 Ⅰ,8.8,324,2.99,58013
罗宋探案：僵尸,8.8,330,0.00,37164
古董珍珑劫,9.4,42,0,81225
再见恩格斯,9.2,377,1.99,23087
杀人连环计：一场惊世骇俗的谋杀,9.2,607,0,1598112
江湖探案系列之：金狮镖局案,8.6,32,0.00,4079
匿影者,8.6,47,0.00,14078
窥,8.2,222,1.99,34081
雪人幻想,9.0,228,2.99,30648
罗宋探案：疯猫,9.0,421,1.99,41725
白色玉兰花,9.0,420,0.00,122701
心意相通,8.8,224,3.99,68684
第十三天（上）,9.2,4084,0,340869
我脑海中的她,0,0,0.00,708
禁酒令,7.8,17,0,11099
婊儿子,10.0,39,0,179811
慈恩寺谜案,8.2,19,0.00,2258
谜踪记,8.0,94,0.98,0.98,6683
离奇的失踪,8.2,18,0.00,1922
末路狂花,8.6,617,3.99,175586
古籍残案之我是文物修复师（完整版）,0,0,0.00,6369
蛾变,8.6,133,0.00,33351
血鸟谜案,7.6,19,0,5937
关东志怪,8.6,381,4.99,194813
神秘岭（完整版）,9.2,796,4.99,4.99,341809
走向大海,0,0,0.00,598
梁家兴教授探案集,9.2,386,0,1131374
夜色无边,7.8,193,0.00,8472
黑暗的n次方,8.6,285,2.99,62825
第十三天（下）,9.2,2517,2.99,102415
第十三天（中）,9.0,1976,2.99,139461
蓝带儿,8.6,22,1.99,1569
107国道连环杀手,9.2,252,1.99,33008
黑河杀手,8.2,494,1.99,53923
黑暗的平方,8.6,331,2.99,54552
楼上的声音,8.4,1081,1.99,93397
被偷走的人生,9.0,119,4.99,37856
至少还有你,9.4,198,0,1555041
镜子,8.8,26,3.99,5204
黑暗的立方,9.0,257,2.99,54961
罗宋探案：谜尸（修订版）,8.6,542,1.99,87833
流萤·卜问,9.2,167,1.99,1.99,25453
博尔赫斯探案Ⅲ：丹麦王子之谜,7.4,21,0.00,2185
鲤鱼与壁虎,8.6,175,3.99,34201
暖气,8.2,1543,4.99,506780
一窟鬼,8.8,802,1.99,105250
罗宋探案：白月光,8.8,459,1.99,103037
被迫回忆,8.2,62,0.00,11094
恶魔之窖,8.4,307,1.99,22618
锡箔纸（上）,8.4,45,0.99,0.99,11218
南天门外没神仙,6.8,12,0.06,0.06,1651
奉天范城隍,0,0,0,7991
暴风雪夜的独行者,8.0,77,0.00,17501
齐谐今语,9.8,91,0,1061145
锦衣卫传奇,8.2,100,0,30143
我，嫌疑犯,8.4,672,0.00,115341
无尽使命,8.6,18,1.99,2407
无限恐怖,7.4,87,0,126722
南疆异闻录,0,0,0,2013
锡箔纸（中）,0,0,0.99,0.99,1885
情热,9.0,112,2.99,23657
乞丐和妓女,8.6,673,1.99,90178
我因羞怯而杀人,8.6,481,1.99,87779
校园枪击案策划指南,8.8,3100,1.99,176087
孤岛模式,7.6,36,0.00,2839
八生门,6.2,29,2.99,2327
遗产,9.0,314,7.99,60187
马戏团命案,0,0,0.00,1154
杀戮游戏 / 开往地狱的天堂号,9.0,40,0,193227
没有虫子的房间,9.0,96,1.99,7747
杀人犬（特别修订版）,8.6,71,3.99,15047
斧头男,8.6,26,3.99,5835
失落的兰若寺,5.0,25,1.99,3502
荒野时间和其他故事,8.6,50,1.99,4736
写作课,7.6,249,1.99,25019
寂静的冬日,7.6,189,1.99,10615
鲁迅遗嘱,8.6,198,4.99,98633
想做宠物的女人,7.0,32,0.00,2949
不可能的正义,7.6,558,1.99,50603
心之刑,7.6,40,1.99,8093
桐花落尽,0,0,0,193
镇痛记,7.6,504,1.99,87809
刺杀警察局长,7.2,44,0.00,2093
古镇笔记,7.2,23,1.99,2783
无限恐怖（二）,8.8,44,0,71660
周公馆疑案,7.8,18,0.00,7218
无限恐怖,7.4,95,2.99,2.99,27372
神秘岭（二）,9.4,119,2.99,14645
9号侦查馆,8.0,22,4.99,12121
上钩,8.0,277,1.99,15546
沧浪,8.8,36,0.00,5263
沼中之鱼,9.2,72,1.99,11224
骗子,8.2,364,1.99,52269
圆圈（中英双语）,7.8,348,0,26898
无限恐怖（二）,7.2,20,2.99,2.99,1558
龙楼镇,8.0,48,5.99,8800
无妆,7.4,31,0.00,5103
千岛谋杀,8.8,45,0,57788
RemembeR,7.8,33,0.00,8392
过垂虹,0,0,1.99,1074
模仿大师,7.2,23,1.99,2885
次元骑士,0,0,0.00,738
锡箔纸（连载）,9.6,27,0,125783
神秘岭（一）,9.2,150,2.99,25493
虚空之犬,8.4,37,1.99,5868
失眠者,9.2,134,0,263152
博尔赫斯探案Ⅱ：伦敦幽灵之谜,8.0,55,1.99,4777
悬赏,0,0,0.10,0.10,439
鬼海灵船,8.0,1101,1.99,65389
非花旧闻,9.4,113,0,37060
暗房,7.8,182,0,9253
火星移民购票指南,6.4,1009,1.99,59889
九道口,7.4,88,1.99,12256
真实游戏,6.4,232,1.99,5054
陆离神秘事件簿,6.2,63,3.99,3826
她为什么不会说话,8.0,17,4.99,8841
你的所有秘密我都知道,8.4,355,1.99,42424
七个奇案,7.6,24,3.99,9841
麦克白效应,8.6,420,5.99,210757
神秘岭（三）,9.4,141,2.99,12405
迷城七凶,7.6,138,3.99,11766
其实没有路,8.2,261,1.99,14576
宇宙狗,9.0,39,2.99,7055
叫魂,7.6,29,2.99,6173
边村,8.6,63,1.99,4386
刑警双枪,0,0,0,48617
深夜电台——一些悬疑惊悚灵异的小故事,7.0,15,0,8381
空皮囊,9.4,44,0,49262
日记：我杀死的那个男青年是谁？,0,0,1.99,634
灰渡,7.8,224,1.99,32549
悬疑杂响,0,0,0.99,410
附近的人,8.0,187,1.99,6057
巨婴图,9.0,37,1.99,4316
自杀俱乐部,8.0,46,1.99,9190
雷打雪,7.0,17,2.99,3057
捞尸,8.0,11,0,17873
黑鸟,8.2,96,1.99,12210
遗忘,9.0,35,9.99,17192
上海三联,0,0,1.99,1152
蔑法者,7.0,23,1.99,3043
一百种死法,8.8,44,2.99,13967
山海手札,8.8,18,4.99,8294
噪音,7.2,211,0.00,7725
青衣,6.8,162,0,6291
秋祭,6.4,176,1.99,3904
觉醒 1：黑石疑云,0,0,0.00,1048
疯狂的假钞,7.8,43,1.98,1.98,3252
叶之花,7.8,192,1.99,59942
506号房,9.0,240,4.99,70462
长老,8.0,24,3.99,7718
西斯空计划,7.6,88,1.99,6648
边城疑云,8.8,118,0,196494
追凶,7.4,20,0.00,4289
《国家之子》：基石协议,8.2,14,0,2957
独木成林,7.8,414,1.99,23930
重返金瓶梅乐园,7.8,151,2.99,64087
勒索者,0,0,0,3304
古籍残案之我是文物修复师,7.6,51,0,208226
最后一击,9.0,41,2.99,3197
刺秦,7.4,38,1.99,3997
撕裂,8.0,224,0,17813
民间灵异录,6.8,38,0,53145
谁是安德烈,7.4,11,1.99,1288
上海敌人,8.8,61,2.99,9422
我该如何爱你,7.2,13,0.99,2348
采诗官左雀传·幻戏奇案,0,0,0,4506
艳遇迷踪,6.4,62,1.00,1.00,1136
天鹅湖,8.2,17,0,56364
消失的女孩,7.8,25,0.99,1666
出狱,5.8,41,1.99,957
林川悬疑档案之猫冢,0,0,0,350
死局,0,0,1.99,139
特别调查员,7.6,13,1.99,1232
AUV440,8.2,165,0,8437
自白,7.2,124,0.00,3388
我就是药神,8.2,20,1.99,1400
阿霞,7.8,66,4.99,26978
梦境密码,8.2,60,1.99,3030
绞刑架,7.4,33,2.99,2772
费可的晚宴,9.0,180,1.99,22458
成年死亡,7.2,11,0.99,1679
盛开的鸢尾花之国家的崛起,0,0,0,36
消失的妻子,7.4,23,0.99,868
不焚,0,0,1.99,1229
第一桶金,0,0,1.99,317
龙之国,7.4,14,0.99,1302
甘露,8.0,175,3.99,64640
野蛮史,0,0,0,129
陌生人日记本,0,0,0.99,338
吉木乃投河之谜,0,0,0.00,776
因为下雪的关系,0,0,3.99,4979
云溪庄园,7.0,163,1.99,5448
摩托车追杀记,0,0,2.99,642
怀柔印象咖啡馆,7.0,52,0.99,3711
阿斯那笃黑,8.4,45,0,8467
杀人狂的故事,8.0,77,2.99,4871
野牛比尔,6.4,54,1.99,1011
夏日审判,7.4,28,1.99,945
寻凶,8.4,16,1.99,2749
虚构的真实,8.4,79,1.99,5620
绝命笔记,0,0,0.10,0.10,361
致命婚礼,8.8,20,0,33589
无边的黑雾（上）,8.2,12,4.99,1772
以飘之名,0,0,0.00,1993
禁酒令,7.2,31,1.99,3858
真实故事改编计划——斧与锤（商河杀人案）,0,0,0,397
地下铁与局外人,8.6,136,1.99,14017
鼠人,0,0,0,1341
女孩们在那年夏天干了什么,7.2,412,1.99,57441
蛇踪谜案,7.4,21,1.99,3089
网球集训杀人事件,7.0,19,1.99,2648
明星范可芸的病理学报告,7.6,99,0,6275
暗香,0,0,0,2744
302号房间,0,0,0.99,0.99,269
303号病房,8.0,61,1.99,1958
慈母山教堂,0,0,4.99,324
谁杀死了维尼,0,0,0,181
死亡摄影师,0,0,1.99,282
四季,8.0,279,0,35401
昨夜星辰,7.2,158,1.99,9447
杀死我孩子的人,7.8,89,1.99,3939
暗雨,0,0,1.99,1307
活见鬼,9.2,69,6.99,29381
第六夜,4.8,29,0,1407
傻子杀人事件,0,0,1.99,353
连环套,7.4,131,1.99,4531
樟子镇,7.4,118,1.99,2096
犯罪画像,0,0,0.99,1110
妈妈是我妈妈，但那个人不是我爸爸,7.0,71,1.99,6361
洪水,0,0,1.99,734
梦想世界,0,0,1.99,554
六扇门,8.8,305,0,1004662
江湖四公子之神剑妖刀,9.4,36,3.99,23451
每个人都有秘密,0,0,1.99,181
真探,7.4,29,3.99,6221
落日晚餐,0,0,0,232
青空文库翻译计划,0,0,0,119
巴别塔之祸,7.2,12,1.99,1022
虎迫岭,7.0,70,1.99,2380
啦啦啦啦,0,0,0,22
对面（L）,0,0,0,2
我在美国经历的恐怖故事,6.6,61,2.99,8882
仇敌,0,0,2.99,857
猫婴杀人事件,0,0,3.99,564
温柔的掌印,7.6,34,4.99,11342
谁杀了那个老混蛋,7.8,87,0,18885
卡西莫多的眼泪,7.0,12,1.99,1593
恶之花,0,0,1.99,379
让我靠近你,7.6,58,1.99,1596
为之何迟,8.0,16,1.99,486
手机,7.2,121,0,14194
恐怖缘,0,0,3.99,1058
蔷薇开在荆棘亭,0,0,1.99,330
夜雨惊魂,6.6,91,0,5321
拯救心肝胃肺肾,8.4,28,0.99,1586
爱情契约,7.4,95,1.99,3721
幻觉之山,7.2,11,0.99,420
大众浴室,8.4,23,2.99,4380
腐败之心（上）,7.8,17,3.99,6275
凶宅笔记,7.6,15,2.99,4291
往生,7.6,40,4.99,8624
重人之神秘村落,0,0,3.99,3054
阴阳台,0,0,1.99,458
爱情与阴谋,0,0,1.99,189
惊蛰,7.2,17,0.99,1547
橘子情人,6.2,49,1.99,866
蝼蚁之死,0,0,1.99,212
被囚禁的人,0,0,1.99,226
暗金,6.6,45,1.99,1224
爱恨是可以接力的活计,7.2,151,0,3882
摇滚歌星之死,7.4,397,1.99,26645
白色玉兰花（连载版）,9.0,64,0,82916
笔录,7.4,64,0,2306
周末悬疑酒馆,8.2,52,0,33848
黄金生死劫,6.0,86,1.98,1.98,5804
蔷薇令,7.2,20,1.99,1412
不寐之夜：三则怪谈,7.0,20,1.99,837
阴谋论故事（外一篇）,7.6,19,1.99,1234
唤醒,8.0,127,3.99,50923
夜话,5.6,35,1.99,1358
出云之月,7.4,52,1.99,1214
千寻依旧寻,0,0,0,14
海城绑架案,5.8,54,1.99,995
月光光，心慌慌,0,0,0,8
清末奇案,0,0,0,1632
异响（下）,0,0,4.99,44
龙尾镇,6.2,89,1.99,2195
橘和枳,8.4,51,1.99,1843
君子国,8.2,11,0,4175
长生锁,8.0,60,1.99,3922
垃圾桶里也有春天,0,0,2.99,214
沧浪,0,0,0,175
最后的中国佬,8.2,26,6.99,3888
悬念,0,0,0,19230
少年杀,7.8,70,1.99,2610
午夜的电台里都在播些什么？,0,0,0,2235
警察故事,6.0,108,1.99,2086
八百比丘尼之茧,7.0,440,1.99,31068
第三极,8.8,17,1.99,4803
抑郁症患者,7.6,46,0.99,3512
第四类凶手,0,0,0,144
榨汁时代,0,0,1.99,125
四月囚鸟,7.8,14,1.99,2518
尤比克之夏,0,0,4.99,2464
巴黎女子图鉴,0,0,0,2
猥亵,6.6,407,1.99,26247
一个十八线小明星死后,7.8,36,1.99,1897
旧船灯2,0,0,1.99,103
万圣夜之恶灵,0,0,1.99,161
荒岛手记,0,0,0.99,731
金风玉露一相逢,6.6,65,1.99,1245
蜀汉英雄,6.8,14,1.99,1834
异响（下）,0,0,4.99,44
海豚宾馆,0,0,1.99,702
沙皇的间谍,0,0,5.99,63
战尸鬼,7.8,95,1.99,12926
裸露,8.0,26,1.99,935
保家仙传奇,7.6,14,0,2570
花灯祭,6.6,33,1.99,1815
我在九岁那年杀了一个人,5.8,163,1.99,3886
我和文森特的情人,6.8,164,1.99,6542
时间穿越之谜,0,0,0,630
杜光明寻塔,0,0,1.99,135
鸢尾花的故事,0,0,1.99,190
从犯,0,0,1.99,1274
癌村,0,0,1.99,316
白骨岛的夜·雨·雾〈一〉,0,0,2.99,521
红裙子,7.0,34,1.99,2713
镜头,7.2,96,1.99,5396
一次谋杀,0,0,0.99,193
失眠症,8.4,74,0.99,4066
偶遇,7.0,261,1.99,6858
少女的阴谋,0,0,0,20
死里逃生,7.6,32,0.99,4646
一封匿名信引发的追寻,5.0,80,0.10,0.10,3973
青阳归,7.6,302,1.99,24103
数据迷城,5.2,57,1.99,1384
端午,0,0,1.99,318
审判者,7.8,13,1.99,756
天谴的谋杀,7.0,45,0.00,2970
陌生女人的礼物,0,0,1.99,1547
亡命之徒,7.8,113,1.99,2973
蛇男,0,0,1.99,82
无边的黑雾（中）,0,0,3.99,1158
门,7.0,73,1.99,1769
花煞,0,0,0,6206
困·局,7.6,62,1.99,2178
概率问题,6.6,176,1.99,5257
2022网络空间历险,0,0,1.99,335
雾锁河渡,0,0,1.99,34
猫态幽灵,0,0,0.00,206
长夜,7.2,16,1.99,3108
盗墓风波,0,0,1.99,278
爱与恨,0,0,1.99,102
那天晚上，你和谁在一起？,7.4,43,0.99,1879
陈年大桥坍塌事件始末,8.2,17,1.99,2568
诡梦录之鬼话连篇,0,0,0,3166
宁静的山谷,5.8,40,0,2879
五人寝室,7.0,86,1.99,2840
消失的黑天鹅,0,0,1.99,189
诸神之惑：天问,6.2,160,1.99,7348
寄生,8.2,50,0,55526
七户青丘,7.2,17,1.99,2424
学术工厂,6.0,127,1.99,3157
谁是真凶,0,0,1.99,424
故事应在最精彩的时候结束,6.6,198,1.99,10384
恶意,0,0,0,27
月半旅行箱,7.4,154,1.99,5751
那些年的秘密,0,0,1.99,487
医科大学恐怖事件录,0,0,0,190
在最深的恐惧里相遇,6.8,155,1.99,3025
疑路追凶,0,0,2.99,2346
国王万岁,0,0,5.99,318
林川悬疑档案之戏梦,0,0,0,2898
幸福药方,9.0,117,0,255591
断偶,7.6,13,1.99,1041
肉虫三部曲,8.0,18,2.99,2108
动物园,6.8,11,1.99,831
向阳而生,0,0,1.99,194
相片里的哭泣,7.0,21,1.99,949
老实人,7.6,14,1.99,1564
补课,6.8,16,0.99,1916
旧街事,7.4,12,1.99,992
从零开始,0,0,1.99,1990
四分之一手记,0,0,4.99,686
唐川镜,0,0,1.99,1038
意外杀人事件始末,8.4,340,0,152934
孑孓者,0,0,1.99,279
应许之地,0,0,1.99,209
偷窥者的阴谋,7.0,12,1.99,1059
南方,7.8,34,1.99,3116
个人重塑史,7.2,186,1.99,14868
三木鬼怪录,0,0,0,11
遗弃,0,0,1.99,456
私奔后遗症,6.0,155,1.99,4449
楼兰破奴记,7.2,133,1.99,5407
刀尖之上,0,0,1.99,83
逃生,0,0,1.99,303
环岛迷雾,7.6,114,1.99,22162
十年,0,0,1.99,571
蚁穴,7.2,39,1.99,821
幸子的项链,6.8,11,1.99,648
看啊，那座遗迹,0,0,1.99,164
不幸存者,0,0,1.99,45
真相,6.6,43,1.99,1653
凌晨三点到达,7.4,11,1.99,732
生活在别处,0,0,1.99,1322
炉石旅馆杀人事件,0,0,0,624
寻找贾墨菲,7.8,236,1.99,24365
风暴中心,0,0,0.99,79
鬼,7.6,64,0,9551
兄弟,0,0,1.99,759
803研究所：复活,8.8,14,1.99,1381
骨刺成品稿,0,0,0,406
生活百态《X档案》,0,0,0,194
境外犯罪调查处,0,0,0,323
我是警察,5.8,20,1.99,1244
灌木走廊,7.8,212,2.99,32090
秘密,7.0,19,1.99,299
豆蔻结,7.4,72,1.99,2099
异志录,0,0,0,123
盛开的鸢尾花之伊甸园之花,7.2,20,2.99,864
平安街有人被杀,6.2,47,1.99,1396
失联的冠军,6.6,40,1.99,895
坠,0,0,1.99,320
动物聚会,0,0,1.99,194
借天煞,0,0,2.99,1598
浮华背后,0,0,1.99,139
失眠,0,0,1.99,638
狱卒,0,0,3.99,446
最佳监狱,0,0,1.99,73
替死鬼,7.0,12,3.99,2264
失衡,0,0,0,4043
八卦迷宫,0,0,1.99,1255
成人犯,0,0,1.99,638
美丽的尸体,6.4,16,1.99,1137
宿舍,0,0,1.99,217
一小时，一天，一年,0,0,1.99,119
刺花以冬,0,0,0.99,480
杀熟,7.4,16,1.99,1038
床下有人,7.4,45,1.99,6941
狐步,8.8,37,4.99,2881
女大学生遇害事件,8.2,49,1.99,5111
来稿,0,0,1.99,128
东方食人花,0,0,0.99,214
水潭,0,0,0,66
凶劫,0,0,1.99,199
黑暗的尽头，请留步,0,0,1.99,94
讹谶,8.4,58,2.99,3476
编号76,0,0,0.99,295
幻觉互助小组,8.2,23,1.99,1132
别无选择,7.4,67,1.99,1588
恶念,6.4,45,1.99,1095
红色旋涡,7.2,11,1.99,451
兰溪怪谈,6.6,31,1.99,3366
迷城凶案,7.6,125,4.99,11576
宝蓝色的秘密,0,0,1.99,328
西角的湿与霾,0,0,1.99,288
假如一切可以重来,0,0,0,375
第六个女病人 ,7.8,21,1.99,1014
杀生,5.8,114,1.99,2444
守卫晨光,0,0,1.99,81
亲爱的斯德哥尔摩,6.8,143,1.99,3412
第二次自杀,4.0,39,1.99,901
仙人掌的阴影面积-日常微悬疑系列短篇,0,0,0,124
追故事的人,0,0,1.99,360
路遇,0,0,1.99,985
朝内81号,6.4,17,9.99,6112
整蛊游戏,0,0,3.99,308
你的身体是个仙境（梦马篇）,7.0,21,0,2243
貔貅玦,6.6,35,1.99,986
银背刽子手,0,0,1.99,811
湘西精怪故事集,8.0,33,0,289711
《暗巷》,0,0,0,1174
年,6.2,119,1.99,2442
健身房谋杀案,0,0,0,340
恶魔的夙愿,0,0,1.99,110
不野岛的证人,0,0,0,472
蛊案迷踪,0,0,0,4204
失落症,0,0,1.99,1282
7.4,44,1.99,10286486277506352221169617760
叠织之影,7.2,11,0,14046
一分钟破案·推理游戏,6.8,12,0,20181
一杯苦酒,0,0,0,635
一把出卖的枪,7.0,151,1.99,3720
基础楼怪谭,0,0,0.99,78
黑色魔方 I 脑洞故事集,0,0,0,73
永劫回归,0,0,1.99,123
沉睡的人总在梦里醒着,7.0,13,0.00,417
旧船灯,7.6,11,1.99,1799
阴晴不定,0,0,0,102
我的朋友是私家侦探,0,0,0,3
追凶,6.8,20,0,21268
海底龙踪,7.2,237,1.99,6602
直觉,0,0,1.99,411
流放岛日志,0,0,4.99,775
向心探案日记,0,0,0,32
厦大异闻录,6.6,34,1.99,4755
阳世奸雄,0,0,0,366
怪奇记实录,0,0,0,149
脸孔的尊严,0,0,2.99,201
失控72小时,0,0,0,11903
三月三三,0,0,0,104
死因荒谬,0,0,0,17
负我,0,0,1.99,890
爱丁堡火车站谋杀案,0,0,0,60
幻旅,0,0,0,14
江湖探案系列之：金狮镖局案,0,0,0,853
山岭诡秘,0,0,0,1230
不老方,8.0,15,1.99,2510
南方往事,0,0,0,2544
热病科,0,0,0,134
苍县杀人事件,7.0,17,0.00,1946
歹徒列传,6.6,110,1.99,2209
考验智商的1001个思维游戏,0,0,0,394
保姆,0,0,1.99,248
失踪,0,0,1.99,156
厦大异闻录二：芙蓉水鬼,6.4,12,1.99,3532
穷途,6.8,107,1.99,4528
德古拉；吸血鬼伯爵,0,0,0,6
李哲的夏天,0,0,1.99,72
唐奕的盒子,0,0,0.99,66
寻找死刑犯莽克的一生,7.6,11,0.99,270
无限人间失箸人 -《人民的名义》高育良同人,0,0,0,455
暗号,6.4,59,1.99,1129
隐在树下的匕首,0,0,1.99,145
此时此刻,0,0,2.99,1766
种树人,0,0,1.99,97
带血的言情小说,0,0,2.99,380
曙暮杀手,7.4,60,1.99,1787
杀死悲剧,6.2,72,1.99,1113
三只小鸟,7.2,34,1.99,4864
住家贼,0,0,1.99,609
狐狸游戏,0,0,1.99,225
重庆面馆,7.0,168,1.99,4188
剥离的叶子,7.0,13,0.99,515
首尔午夜追逐的脚步,0,0,0,15862
年月荒唐,0,0,0,120
豪宅风水三日行,6.4,63,1.99,2167
征文截稿日,0,0,1.99,988
物语终焉,0,0,2.99,1630
被噩梦缠绕的女人,0,0,1.99,94
僧门案,0,0,0,95
暗号,6.4,59,1.99,1129
留学失踪日记,7.6,24,1.99,1060
7命,0,0,1.99,288
戒心,0,0,0,41
逝者如生,5.8,46,1.99,971
傀儡,6.4,52,0,6118
同学会七十二小时,7.2,14,1.99,416
炉火,6.6,112,1.99,2322
死亡谋杀,6.6,56,1.99,1503
可疑的房客,0,0,0,68
再见乌子园,0,0,1.99,625
身份,0,0,0,1315
无名四部曲,0,0,1.99,602
老宅,6.4,13,0.99,1086
女朋友的男朋友,0,0,1.99,488
黑名单,0,0,1.99,146
酒馆关门之前,0,0,0.99,1035
赶尸匠,0,0,3.99,961
棕榈街少年杀人事件,0,0,1.99,579
雪山,0,0,0.99,69
回家的路,0,0,1.99,605
古墓狂蚁,6.2,18,0.99,1675
一个杀手的入行作品,7.0,73,1.99,3565
10·7,8.2,27,4.99,9772
怪笑面具,7.0,253,1.99,15567
寻找蝴蝶的夜晚,0,0,1.99,675
黑暗中的时间指针,0,0,2.99,1530
K先生之死,0,0,1.99,590
人类的救赎镜,0,0,4.99,1077
裸体婴儿,0,0,1.99,1222
代号鬼影,0,0,0,34
意外,7.4,15,1.99,669
眼睛或一假期的死亡,0,0,2.99,351
我已在人间炼狱里,7.2,14,1.99,842
密室,4.2,24,0.99,651
人皮鼓,0,0,1.99,219
梦行者,7.8,25,2.99,1028
这个杀手她很暖,7.4,26,1.99,2021
彩虹城 Rainbow Village,0,0,0,7178
死亡旅馆,0,0,2.99,734
翡翠谷,7.8,30,1.99,1017
遗书,7.4,37,1.99,2289
儿子是个陷阱,0,0,1.99,402
大道,5.8,112,1.99,3276
一场虚无中的病,6.6,56,1.99,1201
三维作家,0,0,1.99,200
偷车贼,7.2,12,0.99,521
漫长的挽歌,7.4,11,1.99,953
白桦镇连续杀人事件,0,0,0,1676
灵魂独白,6.0,79,1.99,3664
被采访者李薇妮,0,0,1.99,361
地下室,6.6,31,1.99,3457
徒劳,0,0,1.99,1283
两起车祸,0,0,1.99,322
血蔷薇,8.4,22,2.99,3992
消失的爱人,0,0,1.99,249
没有人给他写信的阿昌,7.8,19,1.99,1629
救赎,0,0,1.99,551
最后一场赌博,0,0,1.99,376
打往天堂的手机,0,0,1.99,158
意识觉醒,7.2,69,1.99,2212
女生宿舍的笔仙,6.8,370,1.99,37260
孩子的哭声,5.8,54,1.99,1207
青蛙,7.0,55,1.99,2280
阜春中学公厕惨案,0,0,0.99,126
殇歌乱,7.6,30,10.99,2859
隐藏,0,0,1.99,211
杨柳·青蛙·龙,0,0,1.99,106
迷失之拳,0,0,1.99,588
在秋天里出逃,0,0,1.99,10
神断宋慈之太学疑案,6.8,16,1.99,310
出鬼,7.2,17,1.99,1419
可有可无,0,0,1.99,235
耽溺二手家具的女人,6.2,68,1.99,1574
禁闭之昼,7.8,13,1.99,626
眠,7.2,125,1.99,3429
焦土计划,7.8,12,2.99,1541
杀人鸡,7.4,26,1.99,1142
鬼迷心窍,0,0,1.99,771
食人鱼,0,0,1.99,1117
再生,0,0,1.99,1337
他们的精彩人生,0,0,1.99,477
向死而生,0,0,1.99,917
逍遥游,6.0,84,1.99,2863
蚁王,0,0,1.99,697
蝼蚁,0,0,1.99,211
坠星志,7.8,17,4.99,2234
极地魅影,0,0,1.99,769
2046,0,0,1.99,567
爷爷的奇妙物语,0,0,1.99,526
古孜浪尔,0,0,0,65
线性几何,0,0,0,3
众生之死,8.4,437,1.99,31738
法尔城序曲,0,0,1.99,773
影子的记忆,0,0,1.99,147
林中巨船,7.2,254,1.99,16751
被偷走的影子,6.8,16,0.99,718
好吧，未来,7.2,13,1.99,450
精神病医生,7.4,186,0,14213
食人鱼,0,0,1.99,1117
余烬,0,0,1.99,347
时间的长度,0,0,1.99,1357
逍遥游,6.0,84,1.99,2863
七寸,7.8,109,2.99,34324
发财之路,0,0,1.99,213
青岩镇,5.6,45,1.99,948
寻找刘文娟,8.2,35,1.99,2286
夜车,0,0,0.99,661
狩猎,7.0,18,1.99,2468
雨雾天鹅堡,6.4,53,1.99,1490
复仇的戒指,0,0,1.99,413
锦衣卫之夺山记,6.6,65,1.99,1901
梅纹长颈花瓶,8.0,14,1.99,654
倾听者,5.2,45,1.99,921
惩罚我,0,0,1.99,219
你何时归来,0,0,1.99,324
影子杀手,0,0,1.99,1414
七个木头小人,7.2,19,1.99,1289
击杀,0,0,1.99,283
穿越楼兰,0,0,0,5543
无意义的旅行,6.4,58,1.99,1160
杀死我,7.2,19,1.99,801
幻象,7.2,18,1.99,1248
白江夜雪,6.8,13,0.99,928
RC午夜噩梦析,0,0,1.99,1050
逝者之刺,0,0,1.99,129
中奖之后,6.2,134,1.99,4737
阁楼惊魂,6.8,20,1.99,1275
带蝴蝶刺绣的喇叭裤,0,0,1.99,48
消失的爱人,0,0,1.99,909
楼上,5.2,103,1.99,1945
妖术,7.6,12,0.99,869
抓住他,0,0,1.99,123
阳仔独家/恐怖惊悚奇幻合集/绝对精彩,0,0,0,101
比限,7.4,195,1.99,4864
同谋,0,0,1.99,137
回生酒,6.6,232,0,10195
沧海遗粟,0,0,1.99,309
唯利是图,6.6,91,1.99,2303
红蟹岛,0,0,2.99,1244
狗仔,0,0,1.99,600
天使拉结尔之书,0,0,1.99,800
杀人不难,7.2,14,1.99,1946
两个混蛋,0,0,1.99,127
末日重置,0,0,1.99,170
荒原,0,0,1.99,558
宿命是一只兔子主动滑向一杆猎枪,7.4,13,1.99,1792
窥视者的悲剧,0,0,1.99,166
追踪委托人,0,0,0,60
MOTHER,0,0,1.99,749
一切重来,7.4,17,1.99,1375
纹理,5.6,53,1.99,1062
山鲁佐德,6.0,151,1.99,2497
好久不见,0,0,1.99,244
野营,6.8,17,0.99,2805
深渊,7.2,13,1.99,1448
神木·鬼树,7.6,168,1.99,5114
雏菊,7.2,21,1.99,1229
摇晃的木偶,0,0,1.99,687
公园湖,5.6,41,1.99,740
雕像城,0,0,1.99,319
推迟的二十五分钟,0,0,1.99,83
蓝焰之村,6.8,12,0.99,523
送终,0,0,1.99,112
寻枪,0,0,1.99,197
公元1994年的夏天,6.6,43,1.99,809
寻经劫,0,0,5.99,1464
无名街道,5.4,73,1.99,2002
爱上百万的女人们,0,0,1.99,71
肉体买卖,0,0,1.99,479
剧作家的书桌,0,0,1.37,242
铁·炎·王,0,0,1.99,26
伊甸,0,0,1.99,38
魔女,0,0,1.99,329
回忆和他的朋友们,7.4,11,1.99,974
红蓝蚀,0,0,1.99,141
空杯,6.4,216,1.99,23685
人间蒸发,7.0,21,0.99,875
五人行,0,0,1.99,816
狼人传说,0,0,1.99,868
幽冥天坑惊魂记,5.8,107,1.99,2458
球形恐惧症,0,0,1.99,265
雾锁霾城,8.0,12,2.99,4946
侦相,0,0,1.99,51
怜悯,6.8,190,1.99,7041
这不是一部爱情小说,6.8,29,1.99,4380
冥蝶,0,0,1.99,298
黑暗中的猛兽,0,0,1.99,72
醒来,7.2,208,1.99,6311
魔女,0,0,1.99,329
窒息,7.8,16,4.99,1209
夜色,0,0,2.99,1709
阿措,0,0,0.99,193
数字杀人游戏,0,0,1.99,823
出轨疑云,4.8,56,1.99,1382
我遇见过一个死在夏天的女孩,7.2,54,1.99,1976
人间蒸发,7.0,21,0.99,875
异响（上）,0,0,4.99,272
拜托，快来抓我,7.0,12,1.99,1132
消失的弗兰克,0,0,2.99,997
妈妈的犯罪,0,0,1.99,682
曼陀罗,7.6,11,3.99,3001
日光之下,5.4,60,1.99,1041
这不是一部爱情小说,6.8,29,1.99,4380
失踪,6.6,130,1.99,4237
无边的黑雾 （第三册）,0,0,3.99,1170
告别与被告别,0,0,0,3100
校园灵异传说杀人事件,7.4,70,0,63884
2071,0,0,1.99,1034
云烟往事,0,0,0,44
咕咚,0,0,0,39
不正经脱口秀,0,0,0,400
雾岛怪谈,0,0,0,247
女萨满的时空,0,0,0,189
毕业日,0,0,0,46
黄泉六记,0,0,0,413
鸢尾本纪,7.2,11,0,826
原点卷宗,0,0,0,355
你好，世界/Hello World,0,0,0,94
凤梨罐头元年,0,0,0,82
折纸,0,0,0,48
可怜生在帝王家,0,0,0,32
九死一杀,0,0,0,161
饮雪•桃花春水里,0,0,0,32
我想嫁个有钱人,0,0,0,37
九死一杀,0,0,0,161
可怜生在帝王家,0,0,0,32
折纸,0,0,0,48
青草滩疑云,0,0,0,15
凤梨罐头元年,0,0,0,82
狐城名猎,0,0,0,8
无头女尸的尖叫,0,0,1.99,240
泥潭,0,0,0,115
无人应答,0,0,1.99,966
梦生,0,0,0,2379
9.90,187145857212
小说家,7.2,32,0.99,788
6.00,9688118071481077673818897
神秘录,6.6,25,0,68437
夜半琴音,0,0,0,23
1.99,644751484946554
心理咨询手记,0,0,0,1749
在你的尸体上跳舞,0,0,0,12071
明眸之律,0,0,0,427
雨夜里的凶灵,6.8,15,0.99,496
成都僵尸,0,0,0,17671
劲风往事,0,0,0,26
无头女尸的尖叫,0,0,1.99,240
《极地猎人》,0,0,0,295
《净化论》,0,0,0,96
无人应答,0,0,1.99,966
命运之桥,0,0,0,9
9.90,187145857212
小说家,7.2,32,0.99,788
泥潭,0,0,0,115
6.00,9688118071481077673818897
神秘录,6.6,25,0,68437
1.99,644751484946554
将换,0,0,0,2
在你的尸体上跳舞,0,0,0,12071
夏娃与亚当,0,0,0,22
雨夜里的凶灵,6.8,15,0.99,496
成都僵尸,0,0,0,17671
猫奴,0,0,0,27
终极幻想,0,0,0,8
过去心不可有之西域神剑,0,0,0,16
残酷的蜕变,0,0,0,808
桃花小铺,0,0,0,11
迷城凶案（修订版）,0,0,1.00,1.00,648
探宝奇兵之寻找蜀国最后的宝藏,0,0,0,71
困惑的陈先生和七重境界,0,0,0,12
都市短篇悬疑系列,0,0,0,113
一个人的日常冒险,0,0,0,179
终极幻想,0,0,0,8
迷城凶案（修订版）,0,0,1.00,1.00,648
猫奴,0,0,0,27
民国疑案 -- 洋楼与公寓,0,0,0,28
王非雪从不开口说话,0,0,0,38
灵魂契约：孤独之殇,0,0,0,454
莫里哀的悲鸣,0,0,0,11
民国疑案 -- 洋楼与公寓,0,0,0,28
牙痕,0,0,0,808
《伥》,0,0,0,1098
非命,0,0,0,2171
海岛迷城,7.4,24,0,3967
证明,0,0,0,216
遇见爱情的我们,0,0,0,119
除夕夜荒踪,6.4,65,1.99,2190
阴阳界怪谈,0,0,0,72
蓬莱,0,0,0,544
离厄镜,0,0,0,69
旋涡,0,0,1.99,124
麻雀备攻,0,0,0,120
史书不会记载龙,7.6,37,1.99,1343
蓝色的鸟,0,0,0,1679
暂时停留,0,0,0,89
荼毒,0,0,0,160
失窃的记忆,0,0,0,1484
山海录之黄荆老林,0,0,0,1761
梦魇,0,0,0,5162
人间噩梦,0,0,0,5167
2000个秘密,0,0,0,117
唐门III,0,0,0,18
易经密码,0,0,0,25
九阴刹体,0,0,0,12
【惊悚】月寂人静系列之寂静乐园,0,0,0,81
大明推官,0,0,0,18
福茉思与华笙,0,0,0,175
液化,0,0,0,285
烈火青春,0,0,0,16
半载咒,0,0,0,5
4号公寓,0,0,0,261
来自阴间的新娘,0,0,0,107
归宗,0,0,0,2636
唐门III,0,0,0,18
九阴刹体,0,0,0,12
【惊悚】月寂人静系列之寂静乐园,0,0,0,81
渔夫怪谈,0,0,0,292
半载咒,0,0,0,5
《碰触》,0,0,0,17
莫里哀的悲鸣,0,0,0,11
狐形屋之监狱卷,0,0,0,21
《杀死那只圣鹿》,0,0,0,59
一个白日梦患者的奇异废柴人生,0,0,0,73
平行宇宙,0,0,0,52
6小时杀人游戏,0,0,0,18
魔,0,0,0,18
三伏消暑限定,0,0,0,29
未来史诗2137,0,0,0,622
我并不是一个人,0,0,0,199
白少,0,0,0,85
漫画家之死,0,0,0,385
杀手,0,0,0,231
城市超验事件行记1：永生者事件,0,0,0,845
空之桥,7.8,36,1.99,1712
杀手野生,0,0,0,305
怒潮,0,0,0,436
除夕夜荒踪,6.4,65,1.99,2190
抢劫珠宝店,6.4,92,1.99,3924
白领巾少年,0,0,0,429
鬼楼迷云,0,0,1.99,216
红衣男孩,0,0,0,2607
江湖四公子之神剑妖刀,7.8,12,0,8969
人间噩梦,0,0,0,5167
子夜谭,0,0,0,49748
鬼话山,0,0,0,2664
妄想少女,0,0,0,387
失窃的记忆,0,0,0,1484
都市奇异录,0,0,0,13006
灰色之门,0,0,0,97
不存在的恋人,0,0,0,2740
漫画家之死,0,0,0,385
杀手,0,0,0,231
城市超验事件行记1：永生者事件,0,0,0,845
生与死的人生,0,0,1.99,270
杀手野生,0,0,0,305
怒潮,0,0,0,436
空之桥,7.8,36,1.99,1712
那年，我们青春的记忆,0,0,1.99,116
我若成殇,0,0,0,2065
白领巾少年,0,0,0,429
江湖四公子之神剑妖刀,7.8,12,0,8969
1.99,169454439373736323333
动物嘉年华,0,0,0,189
影子天使,0,0,0,6518
鬼话山,0,0,0,2664
妄想少女,0,0,0,387
鬼楼迷云,0,0,1.99,216
灰色之门,0,0,0,97
少女失踪之谜,7.4,239,1.99,5854
杀手,0,0,0,231
少女失踪之谜,7.4,239,1.99,5854
王家村怪异故事,0,0,0,89
小树林谜案,0,0,0,31
影子天使,0,0,0,6518
我若成殇,0,0,0,2065
鬼楼迷云,0,0,1.99,216
生与死的人生,0,0,1.99,270
紫雾,0,0,0,33
1.99,169454439373736323333
动物嘉年华,0,0,0,189
养鬼师,0,0,0,28
超人国,0,0,0,51
漫画家之死,0,0,0,385
空之桥,7.8,36,1.99,1712
杀手野生,0,0,0,305
怒潮,0,0,0,436
白领巾少年,0,0,0,429
那年，我们青春的记忆,0,0,1.99,116
南方·北方,6.4,119,1.99,2253
流浪之王,7.6,21,1.99,1476
赴死,0,0,1.99,179
陆地海洋,7.4,102,1.99,1307
无间奈落,0,0,0,309
江湖四公子之神剑妖刀,7.8,12,0,8969
城市超验事件行记1：永生者事件,0,0,0,845
鬼话山,0,0,0,2664
妄想少女,0,0,0,387
绘之章,0,0,0,90
书记的囚车,0,0,1.99,529
灰色之门,0,0,0,97
强迫世界,0,0,0,354
灵异研究所系列,0,0,0,43
王家村怪异故事,0,0,0,89
小树林谜案,0,0,0,31
影子天使,0,0,0,6518
紫雾,0,0,0,33
解谜者之误判,0,0,0,114
人之间——短篇故事集,0,0,0,103
养鬼师,0,0,0,28
爱比死更冷,0,0,0,2620
30514714340343026343026
学院异志录,0,0,0,6928
危机——谁是杀人凶手,0,0,0,1235
12321321312312c,0,0,0,482
5.99,2281331001033427100192114
南宋异事,0,0,0,2283
神的树妖,0,0,1.99,95
少年催眠师,5.2,36,1.99,961
盒中戏,0,0,0,1402
废城,6.6,290,1.99,18206
虫尸,0,0,0,2323
猫古送燃记,0,0,0,4995
病,0,0,0.99,348
医生手记,0,0,0,649
命运的奴隶,0,0,0,20
螃蟹干死在棋局中,7.0,14,1.99,999
时空搅拌机,0,0,0,391
千重念,0,0,0,280
城市猎人,0,0,1.99,236
两面人,6.6,12,0.99,1057
旧时故,0,0,0,31
狐臭,0,0,0,77
燃烧,0,0,1.99,344
大学生侦探推理故事集,0,0,0,1589
第二面,6.8,11,0.99,848
黑色帽子,0,0,0,57
第十三只空碗,0,0,1.99,53
忘却的旋律,0,0,1.99,181
道德与情感,0,0,0,3010
墓前的红玫瑰,0,0,1.99,237
第二终审法庭,0,0,1.99,78
寻经劫,0,0,0,7736
病,0,0,0.99,348
弥罪,0,0,0,12352
执刀,0,0,0,22
捕尸四少,0,0,0,37
长篇奇幻历险小说《海豚》,0,0,0,120
女警与武士的奇缘,0,0,0,826
北纬三十度,0,0,0,62
谁催眠了这个世界,0,0,0,17
之姜的三两事,0,0,0,23
黑巫覡番外：十七年蝉,0,0,0,60
珍贵的礼物,0,0,0,35
年关年关,0,0,0,800
生命管理局,0,0,0,96
倩魂君伶,0,0,0,713
王文故事集,0,0,0,109
命运的奴隶,0,0,0,20
螃蟹干死在棋局中,7.0,14,1.99,999
寻经劫,0,0,0,7736
千重念,0,0,0,280
城市猎人,0,0,1.99,236
两面人,6.6,12,0.99,1057
5.99,2281331001033427100192114
燃烧,0,0,1.99,344
大学生侦探推理故事集,0,0,0,1589
少年催眠师,5.2,36,1.99,961
第二面,6.8,11,0.99,848
黑色帽子,0,0,0,57
第十三只空碗,0,0,1.99,53
忘却的旋律,0,0,1.99,181
道德与情感,0,0,0,3010
墓前的红玫瑰,0,0,1.99,237
猫古送燃记,0,0,0,4995
第二终审法庭,0,0,1.99,78
病,0,0,0.99,348
弥罪,0,0,0,12352
危机——谁是杀人凶手,0,0,0,1235
30514714340343026343026
千重念,0,0,0,280
学院异志录,0,0,0,6928
两面人,6.6,12,0.99,1057
爱比死更冷,0,0,0,2620
废城,6.6,290,1.99,18206
5.99,2281331001033427100192114
南宋异事,0,0,0,2283
大学生侦探推理故事集,0,0,0,1589
少年催眠师,5.2,36,1.99,961
第二面,6.8,11,0.99,848
弥罪,0,0,0,12352
盒中戏,0,0,0,1402
12321321312312c,0,0,0,482
虫尸,0,0,0,2323
医生手记,0,0,0,649
猫古送燃记,0,0,0,4995
病,0,0,0.99,348
螃蟹干死在棋局中,7.0,14,1.99,999
爱比死更冷,0,0,0,2620
危机——谁是杀人凶手,0,0,0,1235
梅花镇，一座存在于画卷里的鬼镇,0,0,0,186
30514714340343026343026
集异花环,0,0,0,17
温柔的惩罚,0,0,0,51
神的树妖,0,0,1.99,95
学院异志录,0,0,0,6928
脑洞进化指南,0,0,0,20
虫尸,0,0,0,2323
虚无之人,0,0,0,23
十九级风暴,0,0,0,378
四重罪,7.8,61,1.99,8339
遥夜吟,7.8,390,1.99,16259
永不瞑目的头颅,0,0,0,958
明见万里,0,0,0,39
自杀备忘录,0,0,0,451
涅,8.6,51,1.99,3308
半兵卫与茉莉（下）,0,0,0,19142
阿妓,0,0,0,1786
金子班杀人事件,6.0,61,1.99,1229
马尔克斯的子弹,5.4,50,1.99,2184
人间疑犯,0,0,0,453
鱼缸,0,0,0,261
龙战于野,0,0,1.99,138
写在掌心里的预言,0,0,0,38040
公主坟,6.4,42,1.99,4359
秋天来了我们就欢娱而死,0,0,0,1073
6.99,111705145434545444547
同学戮,0,0,0,1765
鬼火灵童,0,0,0.99,437
怪物,0,0,0,45
世界的原形,0,0,0,317
怪物,0,0,0,45
贞观前夜,0,0,0,134
《相思禅》,0,0,0,131
中奖者,0,0,0,754
翡翠经手人,0,0,0,23
月踪I：白夜与月光国度,7.4,18,0,3817
夜行集,0,0,0,51
《相思禅》,0,0,0,131
夜绸记,0,0,0,7490
错位的黑白,0,0,0,13093
通往地球的洞,0,0,0.99,183
娜塔丽被囚禁事件,7.2,31,0,31031
烟火人间,0,0,0,31
暗夜谜凶,7.4,14,1.99,189
登记,0,0,0,4355
满洲往事,0,0,0,12089
囚徒,0,0,0,110
爱与罪的救赎,0,0,0,2246
蛾窟惊魂记,0,0,0,300
海岭,0,0,0,75
永无乡,0,0,0,326
南方有飘瓦,0,0,1.99,598
大荒南,0,0,0,307
神探慕容,0,0,1.99,504
绯色的夜幕——高塔,0,0,0,381
毒爱,7.4,13,0,3336
星球编年史,0,0,0,365
逍遥法外,7.0,141,1.99,4129
天堂小镇,0,0,0,420
沙琪玛,7.2,286,1.99,23146
《鬼谷》,0,0,0,3775
紫阳花男与蜡烛女,5.6,86,1.99,2611
人心黑洞,7.2,26,0.99,1222
暗夜谜凶,7.4,14,1.99,189
恶之海,0,0,0,224
海吃了男孩,0,0,0,11
听来的那些故事,0,0,0,90
声埋,0,0,0,93
猎物,0,0,0,256
百字故事奇谈,0,0,0,127
南方有飘瓦,0,0,1.99,598
就在下一个路口,0,0,0,64
滴滴保镖,0,0,0,24
等你死了來我店裡喝杯咖啡,0,0,0,34
钉子户,0,0,0,129
一只特立独行的蛙,0,0,0,46
吴警官系列,0,0,0,45
再见多巴胺,0,0,0,599
我欲为谁,0,0,3.99,858
今天，我成了一个鬼,0,0,0,41
103宿舍：丧尸入侵回忆录,0,0,0,88
克苏鲁的实验,0,0,0,58
新一千零一夜,0,0,0,195
暗黑维度,7.6,12,0,12944
怪圈死城,0,0,0,48
夜雾昙花,0,0,0,262
《教师的逃亡计划》,0,0,0,23
寻凶,0,0,0,1681
克苏鲁的实验,0,0,0,58
《教师的逃亡计划》,0,0,0,23
暗黑维度,7.6,12,0,12944
怪圈死城,0,0,0,48
古怪集,0,0,0,42
夜雾昙花,0,0,0,262
新一千零一夜,0,0,0,195
寻凶,0,0,0,1681
克苏鲁的实验,0,0,0,58
新一千零一夜,0,0,0,195
暗黑维度,7.6,12,0,12944
怪圈死城,0,0,0,48
夜雾昙花,0,0,0,262
《教师的逃亡计划》,0,0,0,23
寻凶,0,0,0,1681
教师单人团,0,0,0,36
守望者,0,0,0,94
她在灵堂之上,0,0,0,20
民间诡事录,0,0,0,36
木头人游戏,0,0,0,1245
破碎的旋律,0,0,0,362
行者李穆,0,0,0,924
石头村聊斋,0,0,0,16290
非正常拍摄,0,0,0,1605
我的葬礼,7.4,278,1.99,12359
绑架背后的深渊,0,0,0,62
诡故事不是鬼故事,0,0,0,291
黑昼,0,0,0,1072
封魂戒,0,0,0,78
巡夜书——BX计划三部曲,0,0,0,4350
城市怪谈,0,0,0,1474
1.99,1175870758748730721712712684670
心刑,0,0,0,1025
寻龙脉,0,0,0,10973
深渊世界,0,0,0,56
8.4,67,3.00,28142507238824282448695607660612596
蓐女之潜,0,0,0,460
春天的故事,0,0,0,1071
孙悟空捉妖记,0,0,0,126
荒野鬼事,0,0,0,169
化蝶,0,0,0,351
梦·游记,0,0,0,19
夜色2：狩夜人,0,0,0,115
铃星孤煞,7.8,12,1.99,1725
亲戚,0,0,0,11
NBI推理游戏·死亡笔记,0,0,0,282
失魂,0,0,0,195
《完形世界——视角演绎录》 哲学幻想小说,0,0,0,42
思想劫难,0,0,0,9
RC午夜噩梦析（下部）,0,0,0,137
奈落之城,0,0,0,198
《民国探奇录》,0,0,0,30
避水之鱼,0,0,0,2007
冷冬,0,0,0,210
天堂不会下雪,0,0,0,424
孙悟空捉妖记,0,0,0,126
荒野鬼事,0,0,0,169
化蝶,0,0,0,351
梦·游记,0,0,0,19
夜色2：狩夜人,0,0,0,115
RC午夜噩梦析（下部）,0,0,0,137
铃星孤煞,7.8,12,1.99,1725
亲戚,0,0,0,11
丙戌年七月半,0,0,0,33
NBI推理游戏·死亡笔记,0,0,0,282
Mr.特斯拉的助手不高兴,0,0,0,215
失魂,0,0,0,195
《完形世界——视角演绎录》 哲学幻想小说,0,0,0,42
思想劫难,0,0,0,9
青铃记,0,0,0,39
她在灵堂之上,0,0,0,20
中年少女侦案记,0,0,0,61
没有星期一的男人,0,0,0,210
月寂,0,0,4.99,996
鬼差记事节选,0,0,0,191
某小说,0,0,0,359
半兵卫与茉莉,0,0,0,339696
血色鬼婴,0,0,3.99,454
城市孤儿,0,0,0,449
死神面具,0,0,0,730
乌兰巴托惊魂记,0,0,0,1042
6.99,1472419202212662020
不完美谋杀案,0,0,0,2872
遗忘,0,0,0,10231
风华绝代,0,0,0,15
快乐的马驹,0,0,0,188
给爸爸的礼物,6.2,130,1.99,3231
追梦党,0,0,0,1983
英雄,0,0,1.99,181
我驱魔捉鬼的那些年,0,0,0,229
“惊悚夜”酒馆,0,0,0,47
苦酒难咽,0,0,1.99,328
金田一同人推理小说,0,0,0,77
猫遇,0,0,0.99,306
呛椒干探 II,0,0,0,322
窥视,0,0,1.99,228
案情在继续,0,0,0,1274
夜行者,0,0,0,188
双生,0,0,1.99,420
重生,0,0,0,92
夜幕下的黎明,0,0,0,2864
魔物回天,0,0,0,2894
共犯,6.2,59,1.99,1059
校园侦探,0,0,0,94
罪爱之都,0,0,0,255
阳光下的罪恶,7.2,67,1.99,3245
犀牛之死,0,0,0,1035
孤岛长城杀人事件,0,0,0,1865
谋杀,0,0,1.99,1047
五张扑克牌,0,0,0,19
啤酒故事,0,0,0,56
唐门II,0,0,0,262
啤酒故事,0,0,0,56
昭雪录,0,0,0,15
怪也,0,0,0,8
无名故事,7.6,25,0,7430
鬼怪精灵,0,0,0,42
南粤往事,0,0,0,129
昭雪录,0,0,0,15
法医唐亮,0,0,0,25
心结,0,0,0.99,0.99,1579
七千字侦探,0,0,0,10840
灯塔怪谈,6.6,15,1.99,462
意外,0,0,1.99,116
他们与她,0,0,0,3495
黑色故事,0,0,0,956
不知者，有罪,0,0,0,361
理智与激恋,0,0,1.99,80
民安街188号,5.4,36,1.99,917
是谁在夏天疯掉,0,0,0,29
遗忘天国,0,0,0,282
谁在逼我离婚,4.4,57,1.99,959
我变成了谁,0,0,0,1921
古银杏,0,0,0,510
自序书,0,0,0,55
寻找少女玄遥,7.2,17,1.99,469
年华似凶,0,0,1.99,199
三百性事,0,0,0,105
毒锋,7.4,17,4.99,30521
普兰塔琪纳特之匣,7.4,156,0,734
想当初年少赴江湖,0,0,0,56
伪灵异故事集,0,0,0,181
三打童话,0,0,0,150
奇形怪语,0,0,0,44
怪物校园,0,0,0,879
无边的黑雾(第四册）吞噬,0,0,0,6075
小秘境,0,0,0,23
正当防卫同好会,0,0,0,47
【惊悚】月寂人静系列之窥。视,0,0,0,85
冷血世界,0,0,0,137
正当防卫同好会,0,0,0,47
【惊悚】月寂人静系列之窥。视,0,0,0,85
陆执,0,0,0,52
正当防卫同好会,0,0,0,47
【惊悚】月寂人静系列之窥。视,0,0,0,85
瑟瑟萧萧,0,0,1.00,1.00,1670
三个痞子传奇,0,0,0,218
剩女公寓,0,0,0,62
弈子明的悬聊集,0,0,0,32
视障,0,0,0,7
狗猫鼠游戏,0,0,0,91
飞蛾之刃,0,0,0,337
缸中煮脑,0,0,0,670
看不见的同窗,0,0,0,3360
瑟瑟萧萧,0,0,1.00,1.00,1670
视障,0,0,0,7
看不见的同窗,0,0,0,3360
狗猫鼠游戏,0,0,0,91
视障,0,0,0,7
穿丝绸的小丑和少女杀手的故事,0,0,0,88
小灰短篇故事,0,0,0,48
穿丝绸的小丑和少女杀手的故事,0,0,0,88
黑暗系列·灵魂收藏家（上）,0,0,0,99
花心·之四 东都殢雪,0,0,0,137
没有所谓遗忘,0,0,0,18
水贼王牙港的脱力冒险,0,0,0,1096
七情六觉,0,0,0,62
是他杀了那个女孩,0,0,0,330
地球的五十五次毁灭,0,0,0,8
神圣杰克要玩耍,0,0,1.99,491
悬棺寻宝,0,0,1.99,124
惊梦觉,7.8,16,0,49884
电子人,0,0,0,21
荒岛疑云,0,0,1.99,210
听雨阁-桃夭篇,0,0,0,9
探险日记之山海秘境,0,0,0,4354
睡莲,0,0,0,873
浮尸,0,0,1.99,171
青龙河边的绑架,0,0,1.99,102
北京千年蜥蛊,0,0,0,1184
共业招感,0,0,0,37
九生秘,0,0,0,138
误入霓虹深处,0,0,0,1996
偃城纪,0,0,0,5266
那些梦呓,0,0,0,2971
恶性水鬼,8.0,42,1.99,1640
密孩,0,0,0,124
夜间的康塔塔,0,0,0,13
玉井村事,0,0,0,25
死亡日记,0,0,0,91
被迫回忆,7.6,48,0,3897
中空地带的爱情,7.2,16,1.99,1145
岳茫记,0,0,0,17
白音华的天空,0,0,0,28
八重樱之乱,0,0,0,306
极速恐慌,0,0,0,20
坠入凡间,0,0,0,16
冤影：恐惧的艺术,0,0,0,337
密孩,0,0,0,124
夜间的康塔塔,0,0,0,13
玉井村事,0,0,0,25
被迫回忆,7.6,48,0,3897
末日狂想曲,0,0,0,77
白音华的天空,0,0,0,28
八重樱之乱,0,0,0,306
极速恐慌,0,0,0,20
坠入凡间,0,0,0,16
冤影：恐惧的艺术,0,0,0,337
密孩,0,0,0,124
逐鹿江州,0,0,0,3277
中空地带的爱情,7.2,16,1.99,1145
死亡日记,0,0,0,91
被迫回忆,7.6,48,0,3897
岳茫记,0,0,0,17
白音华的天空,0,0,0,28
八重樱之乱,0,0,0,306
极速恐慌,0,0,0,20
78号邮车,0,0,0,294
坠入凡间,0,0,0,16
冤影：恐惧的艺术,0,0,0,337
凝视之瞳·缺失,0,0,0,32
判官,0,0,0,30
大明诏,0,0,0,6
密孩,0,0,0,124
逐鹿江州,0,0,0,3277
因果与弱决定论,0,0,0,106
中空地带的爱情,7.2,16,1.99,1145
死亡日记,0,0,0,91
被迫回忆,7.6,48,0,3897
妒意,0,0,1.99,268
岳茫记,0,0,0,17
白音华的天空,0,0,0,28
78号邮车,0,0,0,294
八重樱之乱,0,0,0,306
受害人和她的家属,0,0,1.99,57
前路,0,0,0,334
坠入凡间,0,0,0,16
冤影：恐惧的艺术,0,0,0,337
凝视之瞳·缺失,0,0,0,32
无言的结局,7.4,11,1.99,795
陶笛,0,0,0,1637
长着尾巴的者筱麦,0,0,0,1360
刺骨前行,0,0,0,797
NIRVANA I,0,0,0,2090
秽,7.8,15,0,14487
完美的犯罪,7.2,15,0,28831
睡眠事务所,0,0,0,1686
幸存者,0,0,0,446
神牌游戏,0,0,0,104
怪谈搜奇,0,0,0,8604
0.29,6531323291234252827
致命关系,0,0,0,2056
风之子,0,0,0,134
天使的救赎,7.2,20,0,6221
《三小时对话》,0,0,0,2802
暗,0,0,0,46
海雀,0,0,0,877
夺命桃花,0,0,0,77
半神之证,0,0,0,120
天使草,0,0,0,302
不定集,0,0,0,11
《十点半的地铁 · 怪奇物语》,0,0,0,31
鬼斧龙泉,0,0,0,124
天使草,0,0,0,302
不定集,0,0,0,11
《十点半的地铁 · 怪奇物语》,0,0,0,31
鬼斧龙泉,0,0,0,124
不定集,0,0,0,11
元素魔法阵连续杀人事件,0,0,0,74
45034531329529829685857862
冰城谜金,0,0,1.99,32
肉桂庄园,0,0,0,103
下黄庄没有新闻,0,0,0,15
《九个人的仇》,0,0,0,13
公孙诡秘,0,0,0,102
赫尔辛基的晨星,0,0,0,531
平生逍遥,0,0,0,4
诡怪故事集,0,0,0,247
造梦工坊,0,0,0,141
中产阶级邻居,0,0,1.99,472
元素魔法阵连续杀人事件,0,0,0,74
雨的守望,0,0,0.99,144
《九个人的仇》,0,0,0,13
肉桂庄园,0,0,0,103
下黄庄没有新闻,0,0,0,15
通古斯河畔的金百合,0,0,2.99,104
诡怪故事集,0,0,0,247
平生逍遥,0,0,0,4
350256211199206180183175170157
造梦工坊,0,0,0,141
异空感应,0,0,0,23
双命石,0,0,1.99,283
尘影1948,0,0,0,95
《怪诞村》：土匪、军阀、村民究竟谁是戏精,0,0,0,32
天网,0,0,0,159
爱人永逝,8.0,38,1.99,2425
亲生怪物,0,0,0,211
《上古灵石》回梦录,0,0,0,131
权力春药,0,0,0,5542
追凶纪,0,0,1.99,683
无国籍,0,0,0,204
黑色童话,0,0,0,212
夏天制造机,0,0,0,24
会做清明梦的女飞人,0,0,0,14
第十一夜,0,0,0,45
东方列车与谋杀案,5.2,60,1.99,2069
毕业前,0,0,0,3933
百鬼日行,0,0,0,51
伊甸园劫案,0,0,1.99,80
最后一度灰,0,0,0,23
栖凤图,0,0,0,66
入殓师,0,0,0,69
海龟传奇,0,0,0,102
入藏,0,0,0,5
人间怪谈因缘集,0,0,0,52
诗·爱情和暴徒,0,0,0,44
群,0,0,0,142
虾的时空,0,0,0,41
记忆的恩赐,0,0,0,1010
红色头绳,0,0,0,87
荒芜英雄路,0,0,0,2861
换脸,0,0,0,21
红色头绳,0,0,0,87
夜笙歌,0,0,0,18
中产阶级邻居,0,0,1.99,472
把天堂挪到地上,0,0,0,777
寂寞至死,0,0,0,8644
天国宝藏,0,0,0,378
腐之花,0,0,0,646
入藏,0,0,0,5
白鼠病毒,0,0,0,226
通古斯河畔的金百合,0,0,2.99,104
旧货店诡事,0,0,0,8432
雨的守望,0,0,0.99,144
吸血鬼事件,0,0,0,1011
350256211199206180183175170157
扭盘射手,0,0,0,1529
荒陆狂砂,0,0,0,6973
北京妖异志,0,0,0,18487
中产阶级邻居,0,0,1.99,472
是谁撒了谎？,6.6,12,0,4407
寂寞至死,0,0,0,8644
杀死这个懦夫,8.2,27,2.99,1679
雨的守望,0,0,0.99,144
扭盘射手,0,0,0,1529
腐之花,0,0,0,646
吸血鬼事件,0,0,0,1011
白鼠病毒,0,0,0,226
通古斯河畔的金百合,0,0,2.99,104
旧货店诡事,0,0,0,8432
荒陆狂砂,0,0,0,6973
天国宝藏,0,0,0,378
滚雷行动,0,0,0,1084
350256211199206180183175170157
造访自然之奇遇,0,0,0,510
把天堂挪到地上,0,0,0,777
唐门I,7.4,42,0,84660
北京妖异志,0,0,0,18487
梦魇之救赎,0,0,0,163
饕餮会馆,0,0,0,1546
深夜灵堂,7.6,14,0,3404
死于春日,0,0,0,42
6.99,146661346531344333
无涯之舟,0,0,0,967
脑颅中的多巴胺,0,0,0,815
阁楼密语,6.6,16,1.99,887
龙冈少年 Lone & Gone,0,0,0,131
弃卒镖局,7.6,19,0,6880
TimeNote,0,0,0,1268
幽影夜行,0,0,1.99,104
超验爱,0,0,0,198
驱鬼,6.6,22,1.99,982
却道海棠依旧,0,0,0,24
南梦客栈,8.2,33,0.99,2044
日光,6.2,129,1.99,2383
星空,0,0,1.99,100
5.80,12312413953494844454342
厨子的秘密,0,0,1.99,377
情人节次日的出轨调查,7.8,36,0.99,2579
饕餮会馆,0,0,0,1546
2.99,54413430272625363
驱鬼,6.6,22,1.99,982
鱼纹之泣,0,0,0,2015
阁楼密语,6.6,16,1.99,887
化作流星飞向你,0,0,0,3
沉舟记,0,0,0,658
TimeNote,0,0,0,1268
我的三色世界,0,0,0,483
杀手熊猫,7.8,16,0.99,695
超验爱,0,0,0,198
湄洲少年往事,0,0,0,524
6.99,146661346531344333
5.80,12312413953494844454342
南梦客栈,8.2,33,0.99,2044
龙泉山上的守墓人,0,0,2.99,456
炽热,0,0,0,3
杀手熊猫,7.8,16,0.99,695
天公地道,0,0,0,1479
化作流星飞向你,0,0,0,3
十月故事,0,0,0,31
兰舟志怪记,0,0,0,35
我的三色世界,0,0,0,483
神都魊妖记,0,0,0,139
湄洲少年往事,0,0,0,524
跟踪者,0,0,0,19
流剑映雪,0,0,0,178
龙泉山上的守墓人,0,0,2.99,456
炽热,0,0,0,3
饕餮会馆,0,0,0,1546
深夜灵堂,7.6,14,0,3404
鱼纹之泣,0,0,0,2015
无涯之舟,0,0,0,967
脑颅中的多巴胺,0,0,0,815
日光,6.2,129,1.99,2383
弃卒镖局,7.6,19,0,6880
TimeNote,0,0,0,1268
幽影夜行,0,0,1.99,104
超验爱,0,0,0,198
2.99,54413430272625363
沉舟记,0,0,0,658
5.80,12312413953494844454342
南梦客栈,8.2,33,0.99,2044
阁楼密语,6.6,16,1.99,887
星空,0,0,1.99,100
驱鬼,6.6,22,1.99,982
厨子的秘密,0,0,1.99,377
6.99,146661346531344333
情人节次日的出轨调查,7.8,36,0.99,2579
杀手熊猫,7.8,16,0.99,695
天公地道,0,0,0,1479
化作流星飞向你,0,0,0,3
十月故事,0,0,0,31
兰舟志怪记,0,0,0,35
我的三色世界,0,0,0,483
神都魊妖记,0,0,0,139
跟踪者,0,0,0,19
流剑映雪,0,0,0,178
炽热,0,0,0,3
九日,0,0,1.99,192
寻陵记,0,0,0,3157
鱼纹之泣,0,0,0,2015
黎明前的忏悔,0,0,0,2307
拘魂录,0,0,0,26773
沉舟记,0,0,0,658
2.99,54413430272625363
9.6,115,6.00,118331014999509867983898369788976497639753
归于尘土,0,0,0,404
刀客,7.0,124,1.99,3387
湄洲少年往事,0,0,0,524
奉城往事Ⅱ,8.2,38,1.99,4318
迷雾,0,0,0,70
浮世惊奇,0,0,0,13811
杀死九只猫,0,0,0,2489
冰箱里的舅舅,6.2,14,1.99,1148
殇歌乱I,7.4,27,0,106802
月亮之眼,0,0,0,33
龙泉山上的守墓人,0,0,2.99,456
蛇咒,0,0,2.99,133
九日,0,0,1.99,192
如谶,0,0,0,240
黎明前的忏悔,0,0,0,2307
青林旧事,0,0,1.99,25
终结反应,0,0,0,22
医怨,0,0,1.99,189
变奏曲,0,0,0,15
顽童,0,0,0,71
迷雾,0,0,0,70
金鲶鱼,0,0,0,4144
刀客,7.0,124,1.99,3387
单人电影,7.4,15,1.99,560
Alpha @,0,0,0,2116
捕捞记忆,0,0,0,14922
杀死九只猫,0,0,0,2489
丙戌年七月半,0,0,0,45
殇歌乱I,7.4,27,0,106802
Q,0,0,0,64
月亮之眼,0,0,0,33
第四次死亡,0,0,0,49
骨惑,0,0,0,61
鹿迢迢的深夜故事——奇报悬案,0,0,0,16
骨惑,0,0,0,61
屌丝修仙行,0,0,0,35
鹿迢迢的深夜故事——奇报悬案,0,0,0,16
窒息,0,0,0,1498
三幕论,0,0,0,37
孤单堡垒,0,0,0,84
致没有力量的我,0,0,0,3
残酷童话,0,0,0,29
迷离契约,0,0,0,610
轮胎,8.0,66,1.99,11704
人间失灵,0,0,0,633
本性难移,0,0,1.99,55
布谷鸟的独白,0,0,0,10
35920218253
