西游局中局（中卷）,8.6,124,4.00,23858
东京独立书店巡礼,7.8,286,1.99,25240
犀读：好文笔是读出来的,9.4,272,0,1586696
你可能不知道的香港,8.2,2887,0,464090
审视童话的四种角度,7.0,37,1.99,3823
永远的丁丁与昨日世界,0,0,0.00,260
小雅群像,9.2,40,0,4781667
北欧神话：诸神篇,0,0,0,1260
锦瑟记--------流年里的唐诗宋词,0,0,0,259
插画之森·欧洲上篇,8.4,88,0,12662
有趣的《道德经》,7.6,12,0,96326
张爱玲城市地图（下）,8.0,18,1.99,4699
搜神谱（番外）,8.2,23,0.99,0.99,1510
西游局中局（上卷）,8.8,199,5.00,87037
《楞伽经》对读析义,0,0,0,35613
边缘的姿态,9.0,641,1.99,81381
山海经真相探索,7.4,11,0,3356
冰与火之歌外传：龙家王朝与七大王国兴衰史,9.6,41,0,159895
浮生六记（译文版）,9.2,19,1.99,10968
大好河山可骑驴,8.8,780,6.99,105942
男欢女爱欧洲史,8.2,226,0,291148
八楼有佛,9.0,22,1.99,3051
9.6,143,33.00,31815272642655426666265022618626428260062634826179
张爱玲城市地图（上）,8.2,32,1.99,8835
中日史上这些事！,0,0,0,113
真实的魔法师,8.0,11,0.99,0.99,1606
爱上学英语,9.2,70,0,398156
时间偏好的基因,0,0,4.99,2709
汉语佛经易解——金刚经,9.2,21,1.99,12754
释梦笔记,8.6,101,4.99,19294
搜神谱（上卷）,9.0,45,0.99,0.99,7206
为中国传统鼓与呼,8.8,61,0,119721
西游局中局（下卷）,9.4,16,7.00,7560
宋朝食序,9.6,32,0,52156
动漫中的樱与刀：为何而战（完结篇）,7.8,13,0.00,797
动漫中的樱与刀：神器与妖刀,7.0,21,0.00,1535
颠倒梦想,9.6,149,0,66003
动漫中的樱与刀：勇者斗魔王,7.6,19,0.00,884
哈喽！浮世绘！,9.8,39,0,24267
《经济学人Special Report 翻译＋精析》,0,0,0,519
老司机的旅德笔记,0,0,0.99,0.99,1411
搜神谱（下卷）,9.6,28,0.99,0.99,2518
史记---白话文,0,0,0,899
汉语佛经易解——心经,8.2,15,1.99,6601
征文大赛,0,0,0,58819
嚼嚼古文,0,0,0,12062
说说唐人的休闲娱乐,8.8,50,1.99,9507
文艺青年如何读圣经,8.8,93,0,74848
插画之森·美国篇,8.4,65,0,6744
诗词偶拾,9.0,84,0,53538
搜神谱（中卷）,7.6,14,0.99,0.99,1440
论平行宇宙——这世界并非只有一个你,0,0,0,2157
人文香港,7.2,94,0,24180
举头三尺说神明,8.2,16,0,56423
旧时衣服尽云霞,8.6,103,0.99,12076
辞职去留学，去旅行，去野,9.6,47,0,56166
你说的不朽,9.6,313,0,247659
藏书风景,9.4,41,0,232952
奔向那一片阳光,0,0,1.99,2339
锁死英文小品词的16堂课,0,0,0,7443
炼丹小引,7.6,11,1.99,1099
甲子园100年,0,0,0,2384
征服恐惧,8.0,32,1.99,4324
英语写作“魔法”词汇和句型,0,0,0,128
胡同里的沙发人类学,8.0,35,1.99,2116
星辰来信,7.6,26,2.99,5268
说说清人的休闲娱乐,7.4,21,1.99,2699
当代欧陆哲学概览,0,0,0,3721
天龙八部,8.0,26,3.99,6702
两性关系的逻辑,8.0,116,0.99,11829
现代小城的考古学家,9.0,30,1.99,3814
哲学圈里那些事儿,9.0,55,0,61096
说故事的人,0,0,0,24495
说说先秦两汉的休闲娱乐,7.0,19,1.99,3619
周易故事,0,0,0,2626
途远，写给你的34张明信片,0,0,0,12
Motionfever,7.6,13,0,62809
任性赏画,10.0,44,0,8785
从道教看苏轼书法美学,0,0,0,2911
浮游纪,0,0,0,272
《老子》先知,0,0,4.99,3741
纹身事典,6.6,18,1.99,2105
汉语佛经易解——地藏本愿经,9.4,24,1.99,6422
美好百科 Three,8.4,7.6,71,870,1.99,11897
日本著名餐厅纪行卷一,0,0,0,4273
张三闹海,0,0,2.99,891
9.2,34,2.00,3630330131963143316731113082309331743176
如何快速提高儿童棋艺,0,0,0,611
《周易》先知,0,0,4.99,7189
西游记的秘密,8.0,23,0,260364
正午NoonStory,8.4,15,0,244742
《周易》与《论语》全新对译,0,0,6.99,3545
2.99,1145839976391736
红楼梦醒犹是梦,0,0,0,13012
少年江湖梦,0,0,0,2439
高氏情史,0,0,0,2019
英语学习探秘,8.6,140,0,181208
朱雀航北,8.8,49,1.99,7269
8.2,15,0.99,3357297329592922275327802745278527392745
香港与台湾的日与夜,7.6,13,0,10005
《道德经》简述,0,0,0,241
Yakuza:日本黑社会合法化之旅,7.0,40,0,45109
古拉姆瑞扎·阿瓦尼,7.0,21,0,2343
佛家《金刚经》原理运用,0,0,0,462
吟诗录,0,0,0,20205
打开英文写作的脑洞,7.8,18,0,52748
本格料理物语,9.0,108,3.99,15417
每周一本好书,8.4,36,0,26230
香港揾食记,9.2,50,0,39889
建筑史阅读笔记,0,0,0,3019
说说明人的休闲娱乐,0,0,1.99,997
阿特拉斯的晚风：摩洛哥,0,0,0,19
三城记,7.6,160,1.99,11895
老司机的十六年旅德笔记,0,0,0,6198
文字赏金猎人之写手误区大全,9.0,32,0,36044
移情，内模仿和器官感觉,6.6,14,0.99,1839
Sociological理论大缸,0,0,0,1268
《论语》先知,0,0,4.99,604
各国人名手册,0,0,9.99,2567
科幻研究,0,0,0,127
面包星球历史研究所,9.0,118,0,324199
5.00,31182258115401398146619391506126612041326
8.0,14,4.00,1785147914821426141113851398140613791424
其实台湾,8.2,46,0,24274
长沙LGBT的彩虹生活,0,0,0,290
林下之风的看剧手册之2018秋冬篇,0,0,0,246
金庸教你写小说——《天龙八部》解构赏析,0,0,0,6
独立音乐人故事100篇,0,0,0,3
不只是谈鬼说狐,9.2,136,0,589560
魏晋南北朝那些文人们,0,0,0,2353
人间食客,7.6,360,1.99,15158
优雅的阅读,7.4,21,0,42850
5.00,329264287235232227229204209206
揭秘古代真实历史上武功最牛的人,0,0,0,6
9.2,31,2.50,27062113236722847647847053331767721
色彩丛谈,0,0,0,12433
最潮的音乐指南,0,0,0,6579
香港随笔,0,0,0,6398
圣经揭秘 创世纪,0,0,0,99
汉语佛经易解——佛说观无量寿经,0,0,1.99,902
远去，留下,0,0,1.99,948
色历史,0,0,0,3273
英伦王朝宫斗记,8.0,12,0,37711
英语阅读中的深度思维与深层次语篇逻辑,0,0,0,9887
爱君笔底有烟霞,0,0,0,9323
时间迷宫里的解忧杂货店,0,0,0,10
老徐大院,0,0,0,2041
《战国大名武田氏的战争与内政》,0,0,0,79
词果壹的淆杂,0,0,0,2
食为天,0,0,0,11
想象的中国人,0,0,0,5485
读书笔记（行易读书）,7.8,34,0,72529
四十二章经,0,0,0,2608
华语福音流行音乐小史,0,0,0,10
著名文艺青年们都是怎么死的,8.4,179,0,28454
室町末年及安土桃山时期日本知名人物概说,0,0,0,71
到德国之后,9.0,55,0,71127
C与C++学习笔记,0,0,0,200
话剧剧本：分地,0,0,0,20
闲来一坐谈庄子,0,0,0,1140
游离古村时光里,0,0,0,4
2016年12星座运势,6.8,148,0,30741
周易八字解读人生命运的奥秘,0,0,0,628
走江湖,7.6,61,1.99,3842
两宋异闻漫录,0,0,0,13194
马南山的诗,0,0,0,8
插画之森·欧洲下篇,8.6,40,0,5067
狐说·鬼话·神仙语,9.0,31,0,19497
日本推理文化风云录,8.0,15,0,1755
当我在公交车上我想些什么,0,0,0,2
汉语佛经易解——宝积经,0,0,1.99,363
说说中国古代的公休假,7.2,14,1.99,2224
彼岸花开：东瀛日本的上下三千年,0,0,0,1607
方舟女性小说读书会,9.4,39,0,479759
星座性策略,0,0,0,144
明式家具研习录,0,0,0,160
朕有话要说：历史呜呜污,0,0,0,1542
当诗歌遇上电影,7.6,12,0,18023
在方镇,7.6,29,1.99,3190
英漂第五年,9.0,158,0,285380
如何通过“耶稣镜片”来读圣经,0,0,0,78
在意大利研读美食的一年,0,0,0,102
中国脱口秀演义,7.8,16,0,43543
什么玩意儿,0,0,3.99,859
“龙爷爷说故事，长智慧”专栏,0,0,0,1
子鼠黛玉和她的族类,0,0,0,3
先秦性格诸子,0,0,0,2549
北欧食事,0,0,0,163
微方言,0,0,0.99,417
三莆书,7.8,141,1.99,4982
环中国边境深度行,0,0,0,164
通鉴草木,0,0,0,2103
台下十分钟,0,0,0,598
论语疏议,0,0,0,3
佩弦饕餮,0,0,1.99,1064
我是如何学习易经的,0,0,0,14
"新文化"运动,0,0,0,82
三国小人物传,0,0,0,117
这个世界本就不属于 像你这样美好的灵魂,0,0,0,104
in & out 清单,0,0,0,67
9.2,85,30.00,18864169751570315577148391469914692147781470114599
风雷掌中动 世浪翻袖中,7.8,17,0,281878
亚文化手札,0,0,0,5290
1133819718135114166
有趣的孔子和儒家,0,0,0,28901
卓越海底捞：离一流有多远,0,0,0,2493
时尚评论,0,0,0,64
人的本质2,0,0,0,6
当下,0,0,0,42
民国的那些才女佳人,0,0,0,10
太宰治冷门作品翻译,0,0,0,1327
陌生人的肖像,0,0,0,64
我读沈从文和汪曾祺,0,0,0,71
吕律：一个北京德语老师的生活感悟（一）,0,0,0,307
搜神谱·新番,8.2,25,0,317316
我和刘能有个约会,0,0,0,8
影史百大角色解读,0,0,0,24
宗教改革还重要吗？,0,0,0,214
遇见师父,0,0,0,11
永远的丁丁与昨日世界,0,0,0,2362
26152142212928926416726111759153
从姓名说中国历史,0,0,0,165
马太福音,0,0,0,1113
《孝道学人》,0,0,0,14
宋词印象,0,0,0,17116
That's Dialogue series --- Gossip Girl,0,0,0,3
时光温柔如初,0,0,0,379
往日人间烟火,7.6,19,0,290849
摇滚乐与自由诗歌,7.4,18,0,6197
如是说,0,0,0,29
《穷通宝鉴》白话详解,0,0,0,387
荷生也愚问答：如何走出认知迷局？,0,0,0,263
我在华为奋斗的故事,0,0,0,117
Python学习笔记,0,0,0,86
大地无声——豫东南乡土笔记,0,0,0,799
王国维与曹雪芹的路边谈话,0,0,1.99,198
旅行可真野蛮——印度篇,0,0,0,54
欧洲——曲终人未散,0,0,0,1061
换个视角解读《大学》与《中庸》,0,0,0,36
妈宝在欧洲的这些年,0,0,0,3
散乱的光影,0,0,0,1
时代杂谈,0,0,0,31
音乐剧的那些事,0,0,0,3720
基于认知的英语单词记忆,0,0,0,140
我在县城图书馆上班的10年,0,0,0,23768
你可以随时调换,0,0,1.99,580
以身体道,7.2,12,1.99,3058
经纬+巷陌,9.4,24,0,100387
七夕不睡觉,0,0,0,17
6.2,26,4192397940103682948551474356273239
美国人怎么看中国,7.8,148,0,25975
穷人的生活"哲学",0,0,0,5
其实台湾,0,0,1.99,1550
魏晋风华,0,0,0,4835
黄金三角游吟诗 2,0,0,2.99,313
“话痨大神”伍迪•艾伦电影中的现实“病”,0,0,0,20
读史札记,0,0,0,1576
被喝咖啡的上海人,8.4,133,1.99,6627
红楼梦呓,0,0,0,32
留美札记,0,0,0,1268
光影回望,0,0,0,374
林地童话,0,0,2.99,535
打口传奇,0,0,0.99,283
意识学,0,0,8.90,236
一天一点过法考,0,0,0,168
走近德国葡萄园和酒庄,0,0,0,291
幻蓝的游戏文化,0,0,0,76
伦敦的四月天,0,0,1.99,1227
不惑,9.0,48,0,887082
兔丽丝仙境,0,0,0,1471
幽默生产力,0,0,0,22
修心修行修性,0,0,0,29
Great Debate,0,0,8.99,4296
我所经历的日本生活,7.6,60,0,46187
111994992566472365291820
大山深处的神秘洞葬,7.2,259,1.99,7344
东京留学生活,0,0,0,26
嘻小孩的长不大星球,0,0,0,40
小咸鱼的小故事,0,0,0,25
汉字十万个为什么,0,0,0,44
金经杂谭,0,0,0,162
我的大学,7.6,18,0,85310
4.99,14771376126712641247120612321162114763
黄金三角游吟诗 3,0,0,2.99,739
人类学研究,0,0,0,1315
孔子100问,0,0,0,86
小时候·大时候,7.6,18,0,33335
蕉园偶拾,0,0,0,573
万叶恋歌,0,0,0,1753
禾记,8.0,198,1.99,9479
思想的秘密,0,0,0.99,622
冰与火之歌外传：坦格利安王朝与七大王国兴衰史,9.0,25,6.99,9390
岁月山川，是我写给你的情书,7.8,15,0,11061
南广河挽歌,8.8,210,1.99,6354
幺,0,0,5.99,1373
盛世绘本——无相漫画普通人的可爱生活,0,0,0,244
异国飘思,0,0,2.99,74
海鸥说探戈,0,0,0,3266
金粉南朝,0,0,0,3398
松门风物记,0,0,0,15710
2.00,3516291126672625481420335319319312
有尊严的生活,0,0,0,66
一树春风千万枝,0,0,1.99,502
电影是糖，阅读是盐,0,0,0,743
小玄儿的老北京拾遗,8.0,22,0,46696
玄玄道,0,0,0,16
读者活动,0,0,0,9144
这个古人真奇葩,0,0,0,972
新编《思维学》第一部；思维与生命,0,0,0,55
那些年的老物件,0,0,0,49
1.99,11112910699908510275127
插画之森·亚洲篇,8.6,46,0,5602
爱情小栈,0,0,0,230
8.2,16,2.00,13151239111210941000962824726695271
生活中的哲学,0,0,0,188
一个中东的农民会从浪子的故事里看到什么？,0,0,0,100
四时城市物语,0,0,0,13345
森林学院,0,0,0,25
纽约echoes,0,0,0,192
西行浮世绘,0,0,0,664
电器日阅读,0,0,0,17
三尺氍毹的故事,0,0,0,196
一杯啤酒,0,0,0,110
佚名的无题,0,0,0,76
东方星,0,0,0,21
随园零食单,0,0,0,112
书道,0,0,1.99,523
菩提路，散散步,0,0,0,27
历史碎片,0,0,0,25
梦都娱乐评弹,0,0,0,100
那些影片，那些文字,0,0,0,11
内战记,0,0,0,2699
隋唐英雄史话,0,0,0,806
浮生八月,0,0,0,2799
四海遗珍,0,0,0,1596
慢生活俱乐部 |「活动回顾」,0,0,0,32
清词情事录,0,0,0,7676
变态与抒情——紧缚绘师伊藤晴雨,0,0,0,697
历史的地震—中国地震小史,0,0,0,57
活着的前提,0,0,0,1464
黑社会2,0,0,0,42
在津十人,9.4,21,0,24253
4.00,5924524401036658725471399
盘玉笔记,0,0,0,414
1.98,20315913916151416201910
乱话,0,0,0,39
《孙子》枝谈,0,0,0,965
当代画家欣赏,0,0,0,28
故乡一直在,0,0,0,209
在远方的山水间,0,0,0,338
黔山秀水总是情,0,0,0,28
17个锡安主义思想先驱的肖像,0,0,0,87
六合国,7.4,14,1.99,665
7.2,12,2.00,1593151514331506255185191228185186
好孩子不踢球,7.2,12,0,302
难言之隐,0,0,0,131
比电影还要精彩,0,0,0,115
阿根廷探戈,0,0,0,16
美国笔记,8.0,24,0,68869
【良院】-进深文凭课程,0,0,0,2
明日大雨——永不干涸的流动哲学盛宴,0,0,0,28
明末那些事儿,0,0,0,39
看懂100部经典电影,0,0,0,48
神怪杂俎,8.0,19,0,21779
我也想和这个世界谈谈,0,0,0,11
你总要在孤独中学会成长,0,0,0,329
久世成良伊的百话文,0,0,0,447
国际游牧,0,0,0,19
超人类主义,0,0,0,21
西方性格思想者,0,0,0,65
在国外的外国人,0,0,0,18
你身边是不是也有一个Ta,0,0,0,21963
精分人生三部曲,0,0,0,605
英语单词的源泉活水,0,0,0,933
老子悟,0,0,0,20
长沙样范,0,0,0,3713
萨维尼的法学阶梯,0,0,0,185
黑社会2,0,0,0,47
探索,0,0,0,41
美好社会咨询社（ABC）公益研究院,0,0,0,21
2.99,22014712736171716131311
我家在军工厂,0,0,0,8690
我是如何变成异类的,0,0,0,11
穿过黄金之路,0,0,0,2574
属于自然和星空的21篇文字,0,0,0,14558
忆-不平凡的你,0,0,0,142
隔壁的上海人,0,0,0,201
漫游欧陆,0,0,0,10
幸福就是天天喝糖水,0,0,0,1612
迷失博物馆,0,0,0,26204
命运,0,0,0,58
收荒匠的奇幻旅程,0,0,0,2326
传播学很生活,0,0,0,76
留影记,0,0,0,15591
掀开井盖，掉进脑洞,0,0,0,53
我的湘西我的村,0,0,0,74302
闲时随笔,0,0,0,607
非一般老子,0,0,0,3
爱与被爱一样痛苦，谁又能给谁救赎,0,0,0,5
文言文,0,0,0,44
木塘散记,0,0,0,58
丹麦口袋书：不止是童话,0,0,0,173
电影评论,0,0,0,113
当风雨已过，请迎着最后一抹夕阳走入我心,0,0,0,229
新青年2.0,0,0,0,5
全民阅读：如何成为高手,0,0,0,61
朔望晦弦,0,0,0,29
诗酒人生须尽歌,0,0,0,317
我是,0,0,0,30
生活在地球另一端,0,0,0,9
观我生·北朝人物考,0,0,0,1406
布波社,0,0,0,41
埃及故事,0,0,0,15
我家在军工厂,0,0,0,8690
穿过黄金之路,0,0,0,2574
建筑师也应该学点文化研究,6.4,15,0,4149
灰色故事,0,0,0,819
乡村拾遗,0,0,0,14
致世界的七封情书,0,0,0,5
冰辞苑,0,0,0,196
说不尽的美食,0,0,0,101
24番花信风,0,0,0,39235
收荒匠的奇幻旅程,0,0,0,2326
炎龙笔记,0,0,0,311
留影记,0,0,0,15591
88个案例告诉你怎样带团队,0,0,0,320
一次读懂秦淮八艳,0,0,0,103
禾记（圆满篇）,0,0,0,15848
阿朝的增长专栏,0,0,0,17
书信馆,0,0,0,18
埃及故事,0,0,0,15
阿朝的增长专栏,0,0,0,17
观,0,0,0,32
仙女在人间动了情,0,0,0,13
惊悚悬疑周末谈,0,0,0,2045
5.00,1419114711241126110711011084110010981103
爱与被爱一样痛苦，谁又能给谁救赎？,0,0,0,17
花下树影,0,0,0,12972
无根据颂,0,0,0,785
致世界的七封情书,0,0,0,5
一次读懂秦淮八艳,0,0,0,103
乡村拾遗,0,0,0,14
宋词中的爱情,0,0,0,51
陈梦集,0,0,0,706
羊,0,0,0,1026
北美印第安人的红色之路,0,0,0,2159
暮色田园,0,0,0,423
有些路注定要一个人走,0,0,0,1742
相看新加坡,0,0,0,45729
大多数时间在哈瓦那,0,0,0,86
我的香港岁月,0,0,0,74
每个人的故乡都在沉沦,0,0,0,103267
人生最美是何时？,0,0,0,14
先秦秘境,0,0,0,49331
现代情诗诗集： 《忧郁情剑》,0,0,0,1031
读书笔记,0,0,0,110
西游神仙谱,0,0,0,64
老萨看红楼,0,0,0,40
生活·慢,7.4,14,0,2841
诡杂集,0,0,0,62
山川万物皆文史,8.2,19,0,11958
指味－－衍纸教程,0,0,0,3497
东京日常茶饭事,0,0,0,59
月亮的秘密,0,0,0.99,303
禅门小札,7.6,14,0,6225
悠悠北京城文化趣谈,0,0,0,29
灌篮高手之梦回二十年,0,0,0,19
小吴精神状态实录,0,0,0,126
中国女排2018世锦赛的30天,0,0,0,4
浪漫主义之歌,0,0,0,3584
演绎历史的五十道谜题,0,0,0,79
苗一涵的一心一意,0,0,0,68
水浒列传,0,0,0,19
9.90,9936155951141051031568774123
菩提路上，散散步,0,0,0,179
基里尔札记,0,0,0,7645
沧海牧鱼集,0,0,0,4229
记录我战胜熬夜毒瘾的二十一天,0,0,0,11
行走的怡时刻,0,0,0,4
镜中传奇,0,0,0,427
绮女传,0,0,0,33
看故事,0,0,0,281
那个开书店的念想,0,0,0,34
那座小城,0,0,0,43
什么玩意儿,0,0,0,5570
爬圈记,0,0,0,38
八卦戏剧人,0,0,0,36
4.99,12268518471117323302306313302291
识汉字 懂中国,0,0,0,1059
没想到你是这样的XXX,0,0,0,392
乐活+极简：一份生活建议,0,0,0,1911
昨天那拨写字的牛人们，过得并不快乐,0,0,0,1066
当家长,0,0,0,105
让荷尔蒙飞,0,0,0,1193
听音的故事,0,0,0,208
一起来做历史的挖掘机,0,0,0,7018
古史舆地图说,0,0,0,290
人间散记,0,0,0,70
画格中的宇宙,8.8,48,0,127652
灵光与镜像,0,0,0,85
献以载文,0,0,0,1800
268211200208190187241362926
偏方乐谈,7.8,20,0,67569
电影打开的世界,0,0,0,53
朱古力时间,0,0,0,13
鸟类群像-画册（原创）-佛经摘抄及解析,0,0,0,17
耵聍录：新世纪音乐笔记,0,0,0,1250
烟火长沙,0,0,0,38207
一个人的写作,0,0,0,4789
久远的历史碎片,0,0,0,13197
行程记,0,0,0,16
国学启蒙经典《龙文鞭影》故事,0,0,0,325
Mr沛看电影节,0,0,0,147
北京流水,0,0,0,97
剧场评论手账,0,0,0,59
裕仁1945,0,0,0,103
骑行，遇见未知的自己,0,0,0,1565
6365公里,0,0,0,5437
笑的语言原理,0,0,3.99,812
好看好玩的中国美术史,0,0,0,508
关于“造型”这码子事儿,0,0,0,56
儒家有求必应之道,0,0,2.99,144
家谱编修指南与答问,0,0,0,32
我有一座图书馆,0,0,0,2242
电影中的喝鸡尾酒的男人,0,0,0,225
列斐伏尔日常生活批判,0,0,0,774
浮生未歇,0,0,0,219
舅舅的随笔,0,0,0,5
香港漂流记,0,0,0,13256
金都老于的收藏故事,7.8,25,0,21335
我发明的智慧,0,0,0,354
远古的呓语,0,0,0,10772
德国访谈录:普通人的生活,0,0,0,24
汉语佛经易解——佛说阿弥陀佛经,0,0,1.99,845
孟子的智慧,0,0,0,43
18.00,175317121493259224207210254239205
芝加哥BU大学包录取保录取,0,0,0,23
火车上人们吃什么,6.6,696,1.99,25314
人间烟火,0,0,0,2323
纯粹无聊批判,0,0,0,7
港乐歌词控碎碎念,0,0,0,28
诗与剑,0,0,0,12314
《中国书法史》笔记,0,0,0,98
大白的江湖笔记,0,0,0,401
爱抗议的小鸟,0,0,0,43
腾小追探访标点世界,0,0,0,56
付坤原创成语系列,0,0,0,48
走进繁体三道门,0,0,0,294
《海城墙》Sea Wall,0,0,0,205
心理与人文——一个人类的共同话题,0,0,0,28234
笑,0,0,0,64
在津，又十五人（在津十人第二期）,0,0,0,1112
茶铺故事,0,0,0,17
家谱与寻根,0,0,0,29
四时,0,0,0,462
一部电影，爱上一座城市,0,0,0,22016
新庸见词典,0,0,0,163
折戟沉沙奇女子,0,0,0,99
日记词,0,0,0,12
图解<哈利.波特与魔法石>原著生词,0,0,0,216
城市观光客,0,0,0,20
将心事托给一首禅诗,0,0,0,8603
隐世幽城写汗青,0,0,0,17498
才子不风流,0,0,0,3670
看什么,0,0,0,920
古典音乐在中国,7.2,14,0,47471
6.99,151116989924
相声的秘密,0,0,0,21468
无人无辜，人皆有罪,0,0,0,13
外国人在中国,0,0,0,245
对角,0,0,0,423
Happy Hour GRE单词大联欢!,9.0,52,0,3247
喃喃是只猫,0,0,0,984
浅薄哲学,0,0,0,92
鬼谷子七十二术讲解,0,0,0,184
非典型处女座汉语老师在德国,0,0,0,1148
荼靡花开如裂帛,6.6,11,1.99,2750
城南旧忆,0,0,0,188
美人绘,7.4,11,0,2347
信不信我给你点书瞧瞧,0,0,0,18
雅思实战胜经,7.8,38,0,1529
10.00,1319124310379878991004510339376289
未被证实的语录,0,0,0,106
沉闷的世界,0,0,0,22
青丝为谁,0,0,0,56
布莱克书店,0,0,0,8
简明幸福之路指南第一版,0,0,0,23
言之有物,0,0,0,273
浴都,0,0,0,113
弱冠十四,0,0,0,33
生命、自然与人,0,0,0,65
行行走走,0,0,0,39
论文集合,0,0,0,5
小南街的花店,0,0,0,196
家·故乡,0,0,0,1950
闲聊,0,0,0,7
经典好莱坞,0,0,0,2263
我用钩针勾搭你,8.0,24,0,16583
恋心,0,0,0,120
携酒化为月光,0,0,0,1823
一江水,0,0,0,1098
历史不正经,0,0,0,1560
诗客酒魂的诗选集,0,0,0,99
你好，埃及,0,0,0,228
港味,0,0,0,8194
《唱功秘笈》30个脑洞新奇的学唱歌Tips,0,0,0,188
燕小乙读史/诗,0,0,0,57305
上海人在香港,0,0,0,7626
Woo遇见人类学,0,0,0,94
水墨行吟,0,0,0,393
古代水手的恶趣味儿,0,0,0,526
先民的敬畏,0,0,0,1101
看美剧学英语,0,0,0,10
当今世界的超格分析,0,0,0,6130
韩剧《我的秘密饭店》系列剧评,0,0,0,15
三十六计,0,0,0,30
行走的力量,7.4,21,0,1692
芝加哥BU大学包录取保录取,0,0,0,17
留住乡愁,0,0,0,1478
消失的哲学家,0,0,0,19
上辈子就说好了,0,0,0,46
清风浦上,0,0,0,6137
2.00,469292299348296337226236218214
1.99,187150141140142143134394146
小柯柯旅行：有关图书馆，火车和城堡的一切,0,0,0,62
读,0,0,0,503
故园此声,0,0,0,472
古怪的身体，猎奇的造型，冒险的时尚,0,0,0,114
如有雷同，纯属巧合,9.2,46,0,11339
此路通往当下,0,0,0,10
建筑师视界下的城市们,0,0,0,10
每天诗歌赏析,0,0,0,19
吹牛小王历险记,0,0,0,1696
美貌者生存物语,0,0,0,6822
后生愚论中国文学大势,0,0,0,15
生命在我不在天,0,0,0,34
心坎上的教育,0,0,0,76
我与奇点定律,0,0,0,516
怪谈世界史,0,0,0,71
魔性逗比诗歌集【2】,0,0,0,29
现代家居风水学,0,0,0,121
在寒冷的冬天，你需要一朵花的温暖,0,0,0,174
星座小栈,0,0,0,535
我只对思考上瘾,0,0,0,5
与其说是女权,0,0,0,23
小龙老师和她的小天使,0,0,0,2488
电影来敲门,0,0,0,150
1.99,54544839335527
黄金三角游吟诗 1,0,0,2.99,642
光影小观,0,0,0,11
望乡记,0,0,0,2653
心有千秋,0,0,0,2032
晨夕之间,0,0,0,24849
法律学习历程,0,0,0,370
时间的灰烬,0,0,0,7637
《世界》,0,0,0,46
读台书,0,0,0,6617
意画,0,0,6.90,1475
除了普京和美女，俄罗斯还有什么,8.0,20,0,37270
来吧，猜猜谜,0,0,0,2618
时差,0,0,0,13685
神的史诗,0,0,1.99,2040
歌曲创作谈,0,0,0,44
语录王者，临济将军,0,0,0,1047
微植物,8.0,34,0,17172
晚安童话,0,0,0,16
五十二张明信片,0,0,0,1420
家有什么最值钱,0,0,0,26
林下之风的韩剧手册之2018秋冬篇,0,0,0,524
大道无形,0,0,0,35
长命,0,0,0,63
田野与影像,0,0,0,38
【自媒体：娱乐>影视】高能文章写作指导,0,0,0,41
边走边写,0,0,0,7
给文化搓搓背,0,0,0,45
天妃传,0,0,0,13
一画一世界,0,0,0,4304
七个星期克服作文难关——对比作文训练法,0,0,0,273
二十四食歌,0,0,0,11
玩放松,0,0,0,8824
痛苦的人,0,0,0,17
3.00,418315326397382416310332311296
《不成诗歌的诗》Nothing but Poetry,0,0,0,782
迩雅,0,0,0,5611
悟澹说《红楼梦》,0,0,0,96
美国小迷,0,0,0,25026
无物之阵,0,0,0,13374
旅程,0,0,0,15
邧阮,0,0,0,1861
文本之欢,0,0,0,11
10个深圳青年,0,0,0,95
美好百科 Four,8.4,73,1.99,6671
7.6,17,4.99,1490229011563742742863164051423402
1.99,6646045802567487126901058173
小城食记,0,0,0,15
大摄影家,8.2,19,0,34797
原创文学,0,0,0,46
跑题,0,0,0,1626
草木清欢,0,0,0,11460
微醺小记，wine and life,0,0,0,13
2.00,609479599533451455426421456124
则阳,0,0,0,3927
文艺老炮儿修炼手册,0,0,0,15
漫漫写作路,0,0,0,17
窗外有蓝天,0,0,0,16125
学着学术,0,0,0,285
三城记,0,0,0,1781
以浅薄的眼光看世界,0,0,0,120
电影故事解剖刀,8.0,19,0,50179
我把芬兰讲给你们听,0,0,0,54
孩奴18年,0,0,0,66
给我一个沙发，我能睡遍世界,0,0,0,7716
蓝眼睛和黑眼睛,7.6,66,0.99,3301
脱掉裤衩／别饿着我,0,0,0,9087
发掘更美的自己,0,0,0,2684
绘城诗,0,0,0,10438
搭讪300个陌生人去散步,0,0,0,38
可名于小,0,0,0,167
思想碎片,0,0,0,319
光的结晶,0,0,0,1033
有趣的古代人,0,0,0,90
人物原型录,0,0,0,618
奥斯卡旧史,0,0,0,270
MBA面试,0,0,0,177
《从零开史》,0,0,0,719
藏寨记事,0,0,0,867
“职”言“职”语,0,0,0,30
读杜读到成都去,0,0,0,10357
大羿,0,0,0,26
西油纪,0,0,0,43
胡晓晨带你看电影,7.8,12,0,19940
万山千水走遍贵州,0,0,0,5070
在那遥远的地方,0,0,0,11550
高邮老城小巷,0,0,0,11
邧阮,0,0,2.99,470
过关,0,0,0,1831
姑妄言之,0,0,0,7
四海遗珍,0,0,1.99,443
原文未尽,0,0,0,22
746620471116784528392345
谭刚带你“学透”雅思考官范文,0,0,0,33
泡沫行星,0,0,0,25
