遇见疯狂的职场,7.6,17,2.99,4987
你可能不知道的金融知识,8.8,223,0,189229
好好思考：21堂高情商思维课,0,0,0,1507
涉外助理,8.8,587,5.99,270634
正解：从写作文到写作,8.8,67,0,351072
病人虐我千百遍，我待病人如初恋,7.4,121,1.99,10578
你不知道的餐饮那些事,7.8,1032,1.99,53156
白事会,9.0,6268,1.99,305854
迷踪写作教室：从零开始写小说,9.6,108,0,126734
摄影与Photoshop,9.6,87,0,41482
文艺青年如何赚稿费,8.8,351,0,456461
恶魔的视界,8.8,159,7.00,36765
三天学会写歌,7.0,238,0.99,62451
南下打工记,9.0,313,5.99,38153
爱的正反面,8.2,23,2.99,6536
一课经济学,8.6,432,0,108452
硅爱小札,9.4,65,0,113945
诊余集,8.0,67,0.99,5409
池中垢尘,0,0,2.99,400
凡人皆有一死,9.4,2185,1.99,102354
被封杀的青春,7.2,22,3.99,5165
职场辩证法,9.6,58,0,240418
南下打工记·第一部,8.2,133,1.99,8258
巴马科的日与夜,8.2,407,1.99,22266
日本企业的兴衰,8.6,39,0,20091
Google 三年,0,0,0,8050
《经济学人Special Report 翻译＋精析》,0,0,0,508
园林的艺术,0,0,0,124
房·地·产：写在安家的途中,8.6,73,1.99,7409
总要懂些SEO,8.4,77,1.99,8868
金融市场之群魔乱舞,9.6,39,0,9399
白事会：第二季,9.2,1286,0,337201
顺心：职场情商激活码,8.8,31,0,19301
英语笔译圣经,0,0,0,5815
一小时让你学会利用“关系”找工作,0,0,1.99,538
一个文艺青年在富士康,7.4,67,1.99,4319
职场，你懂的,8.8,93,0,153069
月薪三千的你,8.8,616,0,1527696
妇产科的故事,9.6,660,0,1400335
世界之外,9.4,44,0,46097
《区块链真面目》,0,0,0,388
Entertainment in English ,6.6,19,0,16619
从菜鸟到达人,8.8,75,0,26479
独立译者的日常,9.4,125,0,10584
遇见疯狂的职场,8.0,15,0,36382
创业杂记,9.6,35,0,18939
慢成长,8.6,114,0,602303
期货操盘手基本修养,6.4,44,2.99,6641
编剧人生路,9.8,30,0,8144
还是职场那些事儿,8.8,57,0,57606
蛋糕师傅,7.2,22,1.99,2224
我在央企的日子,8.2,48,0.99,3697
懒人必备的office使用手册,0,0,0,1106
编辑是一种病,7.6,19,3.99,2665
实习生的蜕变,8.6,752,1.99,60538
8.6,201,1.99,171521604515867157861580248344621460946054620
逆向管理：用行动迫使自己去思考,0,0,0,153
从零开始学 Python,7.2,33,9.90,28083
催眠、放松和心理治疗,7.4,13,1.99,5588
图解和声 基础篇,0,0,5.99,2260
一个医生的恐惧,7.6,298,1.99,11068
算法能力,0,0,0,401
跳槽使用手册,8.8,190,0,246447
面试奇谈-投行小女求职之路,0,0,0,10896
PS学习教材（基础篇）,0,0,0,12
画廊梦游记,8.4,361,1.99,14651
外贸还有这些活儿,0,0,0,5
史律师公司法第一季,0,0,0,12
水浒集团人力资源管理,8.0,20,4.99,5141
人精修炼教程,8.2,38,1.99,3857
我的矿工生涯,7.6,308,1.99,12968
早安，救助站,7.6,14,1.99,902
编剧的语法,8.8,62,0,17694
就是要任性地活,8.8,31,2.99,4963
南下打工记·第三部,9.2,24,1.99,1319
9.2,32,669762985823917771469307282271359
带勺子的鸡汤,9.2,38,0,311442
假如电影欺骗了你,6.2,71,1.99,4043
甜蜜蜜,8.8,582,1.99,16467
9.0,59,1.00,3039304826773307931799719711704806
城市运营商,8.4,724,1.99,31979
收银夜的遐想,0,0,1.99,482
最好的时代,8.4,109,0,156873
就是要做广告,9.0,54,0,41576
在北京学汉语的老外们,8.4,66,1.99,4397
周易八字解读人生命运的奥秘,0,0,0,628
我在私立学校做老师,0,0,0,177
云时代的商业模式,0,0,0,8328
媒体的自我修养,0,0,0,1778
张小白求职记,0,0,0,7
文科生学编程,0,0,0,158
我做业务，你做什么？ ,7.0,433,1.99,22736
工人与赞美诗,7.6,14,1.99,965
测试之道,0,0,19.90,9328
北方，南方,8.2,819,1.99,31622
译海无边,9.2,57,0,41245
一个自媒体人的自我修养,0,0,0,69
零渡股权,0,0,0,13
恶魔的视界 II,9.4,56,2.99,5208
麻醉手记,8.4,24,0,4979
巴菲特投资兵法,0,0,1.99,605
人在江湖,0,0,0.99,545
大白讲金融,0,0,0,3277
证券事务代表（证代）养成手册,0,0,0,550
明式家具研习录,0,0,0,156
平面设计提升方法与实践,0,0,0,806
微营销之入门基础篇,0,0,1.99,3367
实体店营销案例秘籍,0,0,0,2816
我爱电台的日子,7.4,14,1.99,1445
S小姐营销讲堂,7.2,36,0,263254
巴马科的日与夜 Ⅱ,8.2,35,1.99,2208
8.8,45,9.90,1004691078883853484108259820882227986797
B计划｜还你一份出彩的PPT,0,0,0,70
记录我的职业生涯：贷款人的那些事儿,0,0,0,44
非学霸的考研指南,7.8,25,0,28320
我的海员生活,5.6,278,1.99,7622
明式家具研习录2,0,0,0,22
医者人心,8.0,527,1.99,14704
我是怎样开书店的,8.2,27,0,16942
离职前的八天,6.8,542,1.99,20479
幽默生产力,0,0,0,17
16451502140417821410013914449110
触摸中医的边缘,0,0,0,4135
7.8,28,8.99,16821007893261224109494149692650147597274
7.2,16,3.99,501041904070603602547591541512561
代购奇闻,0,0,0,777
英语学习真相：打破常规 ,8.0,78,16.99,20888
如何建立投资交易系统,0,0,0,221
不牛逼创业者笔记,7.4,26,0,28382
南下打工记·第四部,0,0,1.99,547
职场老鸟炼成记,0,0,0,12137
诶呀我趣,7.6,662,1.99,24363
苜蓿生涯,9.0,63,1.99,4356
就业通论,0,0,1.99,441
python的学习之路,0,0,0,956
7.2,11,6.99,5815515351544962132110951147110610591044
创业，一条不归路,0,0,0,1121
码字,0,0,0,6088
酒店那些事,8.0,25,0,8286
怎样成为思维导图高手,0,0,0,313
和上司共舞,8.2,23,0,12214
书商心中有首诗,0,0,0,814
SAT干货分享,0,0,0,41
苹果记事簿,7.4,268,1.99,5288
8.0,90,2.99,9977955395529023878383781830176113211249
C + JSON,0,0,2.99,3241
儿童识字之我见,0,0,0,15
导演的自我修养,0,0,0,8484
大佬与大话,8.4,117,0,6452
7.0,13,1.90,5466435139451073871839815798764903
静静看着这个世界,8.2,40,0,28408
行动派,8.4,27,0,20409
那些你自以为熟悉的老师们,8.8,71,0,43677
卑微而艰辛的人生,0,0,0,71821
那两年，我们义无反顾,7.2,14,1.99,636
8.0,12,0.99,15822006182617501761173416511716712624
拥有属于自己的赚钱机器,0,0,0,78
来自猎头的我,8.0,42,0,46997
大外企小前台,7.4,571,1.99,41581
迷失的乡村,0,0,1.99,442
走下讲台的教师,6.6,402,1.99,10956
传媒专业留学小指南,7.4,12,0,3371
创业之道：写给当代商界的年轻武士们,0,0,9.99,650
归来不见山,7.8,464,1.99,15343
夕阳的胶片,0,0,1.99,364
云之上是有星星的,0,0,0,1707
永远狙击强势股,0,0,0,218
从〇到一，摸透IPFS,0,0,0,50
她理财专刊079期·如何挽救亏损的基金？,0,0,0,127
思维导图观点集,0,0,0,68
我是写手,7.4,16,0,35922
Contexts for Creative Writing,0,0,6.99,1861
南下打工记·第二部,8.8,38,1.99,1772
出版成瘾,0,0,0,43869
心理应激与孤独症,0,0,0,19
8.4,89,1.99,10650562949784471191510246627721078999
由浅入浅认识资产证券化,0,0,0,62
去TMD跟团游,8.2,117,0,213229
转行HR,0,0,0,641
世界百强外企HR告诉你：如何轻松搞定面试,0,0,0,3651
我受够了数票子,7.8,96,1.99,7020
天平座咖啡馆,7.6,11,0,7005
周汉林与姚向辉《教父》译本对照辨析,0,0,0,289
外语：深度学习元年,0,0,0,186
小大夫,8.2,56,1.99,3098
实体店万倍赚钱手册,0,0,0,658
处方营养素,0,0,0,18
人类学研究,0,0,0,1314
我们的存在就是奇迹 ,8.8,112,0,9078
暴走大地产,8.2,24,0,89578
绝版青春,7.4,429,1.99,10844
走近德国葡萄园和酒庄,0,0,0,291
我为什么要去美国读MBA？,0,0,0,2952
职场游记,7.2,23,1.99,2389
我做枪手那些年,7.8,26,1.99,2082
网课运营与推广,0,0,0,75
城市化观察,0,0,0,40
1890146314163392151511099110577
宝石迷,9.0,66,0,73844
我不上班的理由,0,0,0,450
《从一文不名到财务自由》第一卷（连载）,0,0,0,435
当我们谈论旅游时都在谈些什么,0,0,0,1504
我走过的那些弯路，你们就不要走了,0,0,0,9875
关于公务员的一切,7.6,26,0,36360
猫叔的江湖咖啡馆,0,0,0,197
我的老婆是花房姑娘,8.4,48,0,68416
出差这些年,0,0,0,28113
不仅仅是互联网用户体验设计的吐槽,0,0,0,446
经济学研究方法散谈（一）,0,0,0,509
图解和声 进阶篇,0,0,0,3609
万物生长靠能量,0,0,0,29
面试达人养成记,0,0,0,13926
大数据时代下的隐私保护,0,0,0,130
我的第一个百万英镑！,0,0,0,408
《学会提问》拆书系列-把知识转化成技能,7.2,71,0,2652
一个语文老师的独白,0,0,0,38
青春荒冢归去途,0,0,0,1860
从演讲小白到演讲达人-演讲内容设计的秘诀,0,0,0,216
HTML5+CSS3使用技巧汇总,0,0,0,83
Bootstrap实战,0,0,0,1126
创意奇才修炼手册,0,0,0,464
高脚杯下的光影,0,0,0,5163
7.6,20,5.00,581749134396469741049738658078283924
她们的世界,0,0,0,1427
兴隆,0,0,0,2020
三二理财笔记,0,0,0,4751
不想上班,7.4,298,0,342436
化妆师如何包装自己,0,0,0,16168
北京生活·家,0,0,0,9871
毅力速成手册,0,0,0,284
幸福催化剂,0,0,0,94
编导者言,0,0,0,855
交互设计,0,0,0,154
王冰,0,0,0,197
Our Souls at Night,0,0,0,169
《告别童年，青春起航》,0,0,0,14
变形记,7.0,596,1.99,24455
商标札记,0,0,0,2688
粉沫碎笔,0,0,0,8023
正在连线……,0,0,0,1925
“蜂蜜”职场伴侣,0,0,0,12
Mr沛看电影节,0,0,0,147
从记11年,0,0,0,32
余生没那么长，请你忠于你自己,0,0,0,13
美国研究生紧急转学,0,0,0,5
1.99,825553287667711
英语阅读中的深度思维与深层次语篇逻辑,0,0,0,9868
我是如何从产品经理变成一个卖菜的,0,0,0,426
蔷薇子弹,7.8,27,0,23014
教师生活趣味多,0,0,0,130
《告别童年，青春起航》,0,0,0,14
美国大学开除紧急转学,0,0,0,8
一口一口,9.4,28,0,7346
创建一个属于自己的书库,0,0,0,247
地方交易场所商品现货交易纠纷诉讼指南,0,0,0,33
美国本科生紧急转学,0,0,0,5
“蜂蜜”职场伴侣,0,0,0,12
师弟，我是你师姐啊,0,0,0,703
和你一起聊精酿啤酒,0,0,0,161
美国高中紧急转学,0,0,0,8
美国大学紧急转学,0,0,0,2
自立草堂杂记,0,0,0,488
《PM笔记》,0,0,0,21
开店日记,0,0,0,977
獅子山上,0,0,0,1427
美国研究生紧急转学,0,0,0,5
愿我途经你的落幕,9.4,124,0,49029
非差评占比,0,0,0,11
孤独者的酒杯,0,0,0,14
0.99,54446944544059483146
出版我说,0,0,0,4645
娱记很忙,0,0,0,148
HR的觉醒,0,0,0,48
python语言的设计,0,0,0,189
求职胜经30条,6.6,25,2.99,2400
Android源码解析录,0,0,0,407
电影评论,0,0,0,113
1.99,652345447309273197184160207155
《PM笔记》,0,0,0,21
腾小追探访标点世界,0,0,0,55
美国红枫-弗里曼槭“秋火焰”100问,0,0,0,210
乱谈录——圈子人物访谈,7.0,15,0,69082
翡翠店-开店日记,0,0,0,46
职场急救室,7.6,12,0,2684
IT绝世高手,0,0,0,125
论作者都是精分,0,0,0,72
手工皂里的秘密,0,0,0,190
我给上市公司做公关,0,0,0,251
一只火炉的教师梦,0,0,0,787
产品思考笔记,0,0,0,1289
电话里的人生,0,0,0,82
美国大学被开除,0,0,0,4
紧急恢复身份,0,0,0,5
美国大学开除,0,0,0,7
在雪上疯,0,0,0,3176
2.99,6474844854614459187836873
杜小姐们的零七碎八,7.2,19,1.99,1438
元识力：高效和快乐的本源,0,0,0,9
美国高中紧急转学,0,0,0,4
SOHO指引,0,0,0,11129
2.99,253226191195158149134133134126
国产编辑,0,0,0,2287
视频直播行业观察,0,0,0,515
阿朝的增长专栏,0,0,0,17
核桃公寓创业记,0,0,0,113
React Conf 2017 大起底,0,0,0,681
后厨,7.0,17,1.99,1000
我愿每个婚礼背后有爱情,8.0,16,0,9490
我在日本写代码,0,0,0,72
魔都商业狗仔,0,0,0,29
职场江湖,0,0,0,33
社会工作学--通往平庸之路,0,0,0,22
大道至简,0,0,0,45
不会是七年之痒,0,0,0,596
健康就是资本,0,0,0,57
导演日记,7.8,12,0,4127
禅修作家的日常随笔(Part 2),0,0,0,206
机关,6.2,493,1.99,19653
遇见一家小书店,7.6,19,0,2022
《小P理财》专刊01期：攒钱妙计,0,0,0,335
野猫之歌,0,0,0,40
底层码农生存记,0,0,0,149
悬崖上的巴萨（双语）,0,0,0,3375
只有导游才知道,0,0,0,2173
容貌管理,0,0,0,156
作弊开除,0,0,0,5
零成本网络创业赚钱,7.8,17,0,2058
GPA低开除作弊紧急转学,0,0,0,1
轻度影评,0,0,0,253
野蛮的教育,0,0,0,62
我的实习是怎么过的,0,0,0,62
中国女排2018世锦赛的30天,0,0,0,4
人在江湖,0,0,0,18581
极简自媒体之路,0,0,0,1778
社交新零售,0,0,0,140
日语学习,0,0,0,387
生命在我不在天,0,0,0,34
7.6,26,1.00,295226172446892763606644674719605
为什么我晋升不到公司高层,0,0,0,557
职场“小弟”花皮书,7.8,30,0,6862
《区块链真面目》（试行版）,0,0,0,614
2.99,157115271313452315246241248219193
美国紧急转学流程,0,0,0,6
亲爱的李雅雯,0,0,0,21
紧急转学,0,0,0,1
我的实习感悟,0,0,0,53
菜鸟装修指南,0,0,0,564
每周5分钟，教你跳出职场小白区,0,0,0,196
艰难的旅途,0,0,0,221
坐在大棚晒太阳,0,0,0,304
我的工作简介,0,0,0,29
物联网视角构建产业新格局,0,0,0,61
最后一公里,0,0,0,22
机械工程师的生活,0,0,0,253
对校企合作双元化模式的简单畅论,0,0,0,198
7.4,17,5.99,49674473416743074285971870903803851
马尔代夫工作日记,0,0,0,15262
如何说话让学生乐于接受你的任务,0,0,0,50
平时的论文,0,0,0,24
空中楼阁,0,0,0,1230
谁骗走了你父母的养老钱,0,0,0,8269
113712039419958514038
棱镜中的HR,0,0,0,38
伟人光芒,0,0,0,34
检察院新人养成记,0,0,0,9
最潮的音乐指南,0,0,0,6579
容貌管理,0,0,0,223
不像是个文化人,0,0,0,2923
在美国被大学学院开除怎么办,0,0,0,3
上帝的病人,8.0,17,0,71781
美国大学转学需要什么条件,0,0,0,23
遇见BOSS,0,0,0,80
让微信成为你的金矿,0,0,0,1235
无人谱曲，我依然写心中的原创歌词,0,0,0,116
浪潮,0,0,0,389
小法师成长记,0,0,0,939
徐勾的那些事情,0,0,0,20
有一种公务员长这样,7.8,50,0,61482
屌丝是如何逆袭的？,0,0,0,11178
漂,0,0,0,119
ASO优化,0,0,0,27
北美托福面授答案,0,0,0,134
面试小红书,0,0,0,567
你终究是一匹披着美羊羊外衣的红太狼,0,0,0,5
公益咨询,0,0,0,7
苦逼国,7.8,19,0,4252
一个机械从业者的自白,0,0,0,105
在美国留学被开除,0,0,0,1
没有大夫的精神病院,0,0,0,49
艺文与营销 如何兼得,0,0,0,70
网赚的那些事,0,0,0,39
互联网动态,0,0,0,41
北美雅思面授答案,0,0,0,237
姜老师作文指导秘籍,0,0,0,121
数码,0,0,0,3
做书十日谈,7.6,14,0,13056
iOS开发集锦,0,0,0,46
最美的爱情，遇见最美的你,0,0,0,50
职场困惑,0,0,0,5
美国研究生被开除,0,0,0,0
家庭保险规划,0,0,0,186
EDG的兴衰,0,0,0,20
家有什么最值钱,0,0,0,26
我在基层的日子,0,0,0,28
用戴明博士的十四要点让您的企业转型,0,0,1.99,452
园丁手记,8.0,367,1.99,11981
智慧管理講堂,0,0,0,21
管理咨询的真相,0,0,0,30515
2133193118761854185018261881196624441907
旅行学英语,0,0,0,185
美好社会咨询社（ABC）公益研究院,0,0,0,21
美国大学紧急转学,0,0,0,5
美国托福/雅思/SAT/ACT/PTE/GRE/GMAT/代考,0,0,0,218
草原故事,0,0,0,8895
交易大实话,0,0,0,111
职言不讳,0,0,0,137
蚂蚁药事,0,0,0,24
花最少的钱治病,0,0,0,23118
脱轨的我,0,0,0,3854
地球上没有新鲜事,7.2,29,0,14339
初中教学记事,7.8,14,0,77352
六感创新,0,0,0,56
职场同学会,0,0,0,5723
音乐早晚药你命,0,0,0,1615
我的16种工作,0,0,0,134
英伦访谈录,0,0,0,2776
我在国企第五年,0,0,0,43
写作的密码,0,0,0,318
空少日记,0,0,0,4633
被美国的学校开除应该怎么做,0,0,0,2
紧急恢复身份,0,0,0,3
美国高中紧急转学,0,0,0,9
培训小白进阶路,0,0,0,211
股市戎马披荆斩棘,0,0,0,517
2.99,818740713156137152418365
游戏场,0,0,0,1517
商业创新,0,0,0,798
高中生被美国学校开除了怎么办,0,0,0,5
思想碎片,0,0,0,318
茶铺故事,0,0,0,17
十年编导沉浮录,0,0,0,453
无声生有声,0,0,0,308
左手职场，右手人生,0,0,0,7326
去动物园上班,0,0,0,26
职理,0,0,0,1146
明明白白生活中的保险,0,0,0,320
我在酒店当前台,0,0,0,40
百货公司浮生录,8.6,58,0,74853
我被美国大学开除了怎么办,0,0,0,4
记者聊点事儿,0,0,0,26977
芝加哥BU大学包录取保录取,0,0,0,30
商业社会与理性意识,0,0,0,38
英语单词的源泉活水,0,0,0,933
中国农村改革（对话）,0,0,0,58
做个靠谱的领导,0,0,0,65
韦城,7.0,258,1.99,9889
GPA低开除作弊紧急转学,0,0,0,4
2.99,6725395221028595861018174
GPA低开除作弊紧急转学,0,0,0,6
我们离义工旅行有多远,8.6,49,0,19863
悟人子弟,0,0,0,34
产品猎人,0,0,0,235
保安日记,0,0,0,227
吃货买手现在与未来,0,0,0,35
以生复盘,0,0,0,30
书店，可以是全世界,8.6,59,1.99,3052
美国紧急转学流程,0,0,0,0
从三十岁开始,0,0,0,177
书店的回声,8.4,60,0,112268
北京·十年,0,0,0,541
美国紧急转学流程,0,0,0,5
Python初级实战项目,0,0,0,107
举个栗子! Tableau技巧,0,0,0,105
月嫂守则,0,0,0,2103
爱读书的孩子不用学英文,0,0,0,437
你好，养蜂人,0,0,0,10591
被美国大学开除还能回去吗,0,0,0,3
十万个月亮,0,0,0,154
星座是讓人相互瞭解的神祕法寶,0,0,0,683
1.99,37526624051712941602596
深圳居住指南,0,0,0,104
今天，你修炼了吗？,7.4,16,0,1116
学车记,0,0,0,1240
准金融狗,0,0,0,293
