狭窄的天空,7.6,34,5.99,4487
时间之间,7.4,79,0.00,11652
线粒城,0,0,0.00,1731
劫后余生,9.6,23,3.99,6463
追逐太阳的男人,9.0,2030,1.99,123205
公鸡王子,8.6,371,1.99,35390
活着,7.4,193,0.00,6468
天空之海,8.8,96,0.00,12014
庄子的梦,8.2,265,0,15462
刍狗,8.4,309,1.99,18648
完美入侵,8.2,498,0.00,29336
夸父Ⅰ：混沌危机（上）,0,0,0.00,919
量子猎犬,8.2,27,0.00,1906
弱水之殇,9.6,21,0.00,3178
宛转环,8.6,213,1.99,13227
当昔日之光陨落,9.2,317,3.99,35426
万米之下,8.6,99,0.00,10224
天堂的阶梯,9.0,51,4.99,15520
蝶幻,8.2,20,0.00,4826
干预者,8.2,322,1.99,12960
精神采样,7.8,39,1.99,2931
你无法抵达的时间,7.2,618,0,21741
春天的奥德赛,8.2,117,1.99,7596
关于地球的那些往事,6.4,115,1.99,7631
我，斐星人,7.4,76,1.99,7320
未来病史（全九章）,8.0,278,0,9479
完美女友,5.0,161,0.00,4273
哈扎尔之匙,7.8,483,1.99,24766
那疯狂又愚蠢的爱,9.0,71,1.99,9166
寻仙记 第一卷：大风起兮,0,0,0,1867
自由日,8.4,914,1.99,57536
科幻方舟第004期,7.8,15,0,9021
我看到了外星飞船,8.4,418,1.99,35792
何以为言,0,0,0,2373
天堂的阶梯,6.8,161,1.99,6852
宇宙尽头的眼睛,8.0,309,0,31340
豆瓣阅读科幻月刊001,8.4,36,0,11752
侵略者计划,8.8,48,0.00,3050
黑云,0,0,3.99,787
界限：半机械人,7.6,53,0.00,4736
金瓶梅乐园,7.0,245,1.99,19583
桶盖侠和熨衣魔,8.2,124,2.99,7482
科幻方舟第006期,0,0,0,9674
泪潮,7.8,1014,1.99,58259
星与天元,7.6,27,1.99,615
沉睡的米蕾,7.0,16,0.99,0.99,1391
你无法证明Ⅰ,8.8,83,0,14782
万兽之树,8.0,150,1.99,6344
野兽拳击,8.2,651,1.99,36510
光昼前传,0,0,0.01,0.01,576
未来世界,6.0,84,1.99,28180
我的高考,7.8,470,1.99,24424
欧瑞伽的幽灵,0,0,0.99,0.99,1643
影子与六便士,7.2,169,1.99,6300
玻璃幕墙,8.4,56,0.99,13861
空间围棋,7.4,100,1.99,4129
复制时代的艺术作品,7.8,67,1.99,4377
豆瓣阅读科幻月刊002,8.2,41,0,22490
冬蛰,7.0,92,1.99,2408
地球迁移,7.4,17,0.00,1131
人性的未来,8.2,121,1.99,7956
Liar Bomb——说谎就爆炸的世界,7.2,238,1.99,16994
前往黑暗之地,7.8,240,1.99,7221
最后的龙,7.4,34,0.00,3350
师兄的透镜,8.0,44,1.99,1642
乐园,8.4,143,1.99,5324
量矩,0,0,0.00,10
亘古守卫者,0,0,0.99,0.99,955
反对者,8.2,322,1.99,52991
星海传奇,8.4,41,1.00,2622
穴居进化史,8.4,26,1.99,1088
陈楸帆2011年小说三篇,8.0,67,1.99,3943
十地,8.6,197,1.99,14779
成为刘慈欣（修订版）,8.2,32,2.99,7404
量子离歌,8.4,915,1.99,36603
《归者无路》三部曲,8.0,83,1.99,4716
碧海青天,8.4,797,1.99,41711
量矩,0,0,0,1283
恐怖奇谈集,7.0,21,1.99,4934
海鸥、南瓜灯和空隙空间（中英双语）,6.6,22,2.99,4872
货币的游戏,7.8,18,0,1727
等待的星星（中英双语）,0,0,2.99,3621
中毒,7.4,106,0,4567
星际救援,9.2,170,5.99,14851
永恒之初,7.4,24,4.99,2423
天不语,7.4,178,1.99,6103
灵与肉,8.4,98,2.99,13913
此题无解,0,0,0.00,144
你无法证明Ⅳ,9.4,40,0,5100
貔貅,7.6,76,1.99,14139
当黑暗终结时,7.0,21,1.99,1484
西瓜国的战争,7.8,27,1.99,1495
双轮,6.4,97,1.99,4144
亿万觉者,7.8,158,1.99,3808
换夫,0,0,0.99,750
烤肉自助星,7.6,251,0,4116
极恶源图,0,0,1.99,202
重返三十岁,7.6,104,1.99,4290
温柔末世,8.4,26,1.99,2680
科幻方舟第005期,0,0,0,1384
仿生域,4.6,156,0.00,3433
我爱上了纳兰容若,7.6,267,1.99,17304
晨曦里的葡萄园（修订版）,0,0,1.99,333
脑阵,7.4,108,1.99,1346
你无法证明Ⅴ,9.2,39,0,6352
袭击日,0,0,0.00,491
沙嘴之花,6.8,158,0,3072
你无法证明Ⅱ,8.8,50,0,7270
蓝星再会,7.4,17,0.00,2079
断路时代,9.0,34,1.99,2677
永无神话（上）,0,0,4.99,1796
桃源,7.6,272,1.99,19403
阴影边缘,7.0,32,1.99,7229
二时代,8.4,89,1.99,10848
如父如子,7.8,13,1.99,1689
堵车,8.2,147,1.99,8255
以太,7.8,83,1.99,4606
起风之城,7.8,25,1.99,3191
荒馑,8.2,484,1.99,49588
傀儡戏,8.0,195,1.99,13565
算法,6.6,12,0.99,1207
制造英雄,8.8,25,1.99,1218
无处不在,7.8,276,1.99,5381
爱丽丝的一生,8.2,40,1.99,4068
子曰孑曰,6.0,132,1.99,1851
那方星空,7.4,20,1.99,8077
狂奔,7.6,68,1.99,2404
武器的天堂,0,0,4.99,4583
弃脑：无税区,0,0,1.99,669
千年棋,8.0,118,1.99,8565
量子态历史穿越指南,9.2,78,0.99,5139
科幻方舟第003期,0,0,0,6666
黑暗城市之光,9.0,25,0.50,1235
1149,8.8,145,4.99,45519
自愈者,0,0,0.10,0.10,178
最后一次牵手（中英双语）,7.8,25,1.99,4422
Amour,8.2,28,1.99,2836
沉舟记,7.2,147,1.99,5430
新世界,6.4,163,1.99,3267
人类改造计划,6.6,13,0.99,1922
记忆芯片,0,0,1.99,751
九十九与九,8.2,127,1.99,4837
辛辞柳的魔幻世界（外三篇）,7.4,52,0,8697
递简历的人,7.8,293,1.99,14635
天使升华在空中（中英双语）,6.8,81,3.99,34981
我是终：Ω,6.6,166,1.99,3638
毁灭世界的N种方法,9.0,23,5.99,2497
2048,7.6,18,0,1927
端粒,7.4,37,1.99,3195
银质爱人,7.4,21,3.99,2590
致最爱的你,8.6,103,0,27929
一千零一夜之谜,7.0,20,4.99,3846
禁锢之城,0,0,0.00,1544
偶形爱人,7.8,25,1.99,2031
不完美宇宙和无意义之诗,0,0,1.99,675
安森的仇敌,0,0,1.99,664
意识的星云,4.8,121,1.99,3019
我与双生少女的末日时光,7.4,64,0.99,4661
雨霖铃,7.6,35,2.99,1543
伽马战争（修订版）,0,0,0.99,0.99,1273
独白,0,0,1.99,89
阿闪,0,0,0.99,303
迁徙,0,0,0.00,92
米开朗琪罗的最后一件作品,9.0,37,1.99,2814
摩耳甫斯醒来,6.0,106,1.99,2081
虚言故事,0,0,1.99,594
宇宙生存法则,5.4,97,1.99,2433
白日梦蓝,5.6,136,1.99,5479
双旋,8.4,148,1.99,5645
这世界的秘密,6.4,32,1.99,614
致命记忆,4.0,148,1.99,2021
通天塔,8.8,53,9.99,17082
梦境歌图,0,0,1.99,837
你好，请给我一袋烟草,6.0,82,1.99,1800
彼岸,8.2,94,4.99,7767
二进制,4.0,161,1.99,3587
冰下的火焰,6.4,28,1.99,491
四维雕刻家,7.8,67,1.99,1716
劫持,6.6,129,0.49,0.49,2736
撕裂者,0,0,1.99,296
星际侦探社,0,0,1.99,138
消失的女人,0,0,1.99,260
天虫,5.8,37,1.99,652
以肉还铁,6.8,69,1.99,2290
时间之书,0,0,0.99,193
贝多芬挽歌,7.6,232,1.99,10041
堕天使,8.2,87,0,5177
人生游戏,0,0,1.99,624
人祭Ⅲ,0,0,0.99,141
危险游戏,0,0,1.99,119
偷时间的人,7.6,20,1.99,524
无意义空间,5.4,99,1.99,2881
人类最后的结局,7.8,29,1.99,2546
亲爱的苏珊娜,0,0,1.99,1993
地球上最后一个僵尸,7.0,290,1.99,17827
二重心音,7.2,39,0.99,5746
人祭Ⅱ,0,0,0.99,400
兰与诗,6.8,11,0.33,0.33,393
暗洪,5.0,70,1.99,923
冥异战争,0,0,0,2
血色粒子的记忆对话,7.2,12,3.99,1547
寂寞宇宙,6.8,23,1.99,5064
猫与她,6.0,22,1.99,494
地球重生,0,0,1.99,211
守护者,0,0,0,122
阿兰的战争,5.4,108,1.99,1568
猴子,7.0,212,1.99,3535
无尽苍穹,7.2,38,1.99,1129
孤岛大逃亡,0,0,1.99,222
Hello,0,0,0,784
程序员的葬礼,8.0,672,1.99,26803
洗脑,7.8,453,1.99,28260
车人的逆袭,6.0,67,0,1127
寻幻,0,0,1.99,130
废土启示录：蚂蚁部落,0,0,0,53
超越光速才能遇见你,7.8,91,1.99,2725
老伴儿,6.6,75,1.99,1263
黎明静悄悄,6.6,69,1.99,1260
李狗的婚礼,0,0,0.00,895
木星坠落,7.6,12,1.99,806
莉莉娅，我的星,0,0,1.99,848
图灵测试,8.2,74,1.99,4777
拓荒,6.4,86,1.99,1145
ONE DAY,7.4,15,0.99,1421
最特殊的,7.2,197,1.99,7252
父亲的麦田,7.6,27,1.99,867
一梦长安,7.2,23,1.99,1563
永远的鲸歌,7.6,19,0.99,619
华阴镇,6.2,183,1.99,3594
微隙,7.2,72,1.99,1764
神在密林中安眠,6.6,142,1.99,3544
赋语者,5.8,79,1.99,1908
最后一个火星人,6.2,202,1.99,5030
黑白的世界,5.8,119,1.99,1732
14光年,0,0,1.99,530
人豚之间,5.4,144,1.99,2562
飞去来,5.8,28,1.99,383
轻科幻生活短篇,0,0,0,234
创造上帝,6.6,148,1.99,2421
毒海尽头,7.8,37,1.99,741
囚笼,0,0,1.99,400
玩偶的葬礼,6.8,29,1.99,700
偶遇相亲会,6.6,116,1.99,1452
人类图层,0,0,0,17
时之源头,0,0,0,71
天意与埃尘,4.8,123,1.99,1508
最后一墓,7.8,13,4.99,2125
谈判专家,6.2,323,1.99,15871
光合力量科幻小说合集,0,0,1.99,195
非典型精神病人脑洞集,8.6,25,0.99,2103
极雾,6.8,152,1.99,2103
急件人,7.4,104,1.99,3318
将死之城,7.2,350,1.99,11007
他人地狱,0,0,1.99,675
阳光照进海底,8.4,23,1.99,1909
乐园之毒,8.0,21,0.99,686
机械世纪,0,0,0,2
世界上最后一场婚礼,6.4,123,1.99,6329
夸父的后裔,7.0,50,1.99,1818
镜子游戏,0,0,1.99,177
未来大师,0,0,0,3133
猎虎行动,0,0,1.99,383
上帝之眼,6.0,134,1.99,1852
完美世界,0,0,1.99,244
灵魂U盘,8.2,15,1.99,958
严禁拆解,7.6,284,1.99,23814
人祭Ⅳ,0,0,0.99,304
画骨,9.4,21,1.99,1056
老之将至,7.6,109,1.99,5004
穹顶之下,0,0,1.99,174
虚空之犬·画梦,0,0,1.99,648
空心人,5.8,140,1.99,3418
疑死症,7.4,16,1.99,593
公鸡侠,0,0,1.99,223
六十一分钟,0,0,0,4024
7.6,11,25.00,9657325794931796641323935
雪落之时,5.2,178,1.99,2598
垃圾,0,0,1.99,526
圆盘,0,0,1.99,128
茧,7.8,11,1.99,637
穿越黑洞2039,7.8,152,1.99,24183
最后的人类,7.6,15,1.99,1494
过去未来的苦行僧,6.6,185,1.99,5744
意识子,5.8,111,1.99,2352
夏岛（上）,0,0,0.01,0.01,841
红江,6.6,29,1.99,360
递归,7.6,27,0.99,728
生存委托,6.4,86,1.99,1543
C机日记,4.8,208,1.99,3841
意念的缠绕,0,0,1.99,238
影子城市,7.0,211,0.00,4162
盘古纪元,0,0,1.99,269
E号星球,0,0,1.99,152
就像生命诞生之初,8.6,87,1.99,2534
世界之间,7.6,38,1.99,892
求医,7.2,13,1.99,382
此处的塔和远方的船,7.0,218,1.99,3899
八百万颗卫星,6.2,157,1.99,2581
第五区,7.0,81,1.99,1744
泰坦墙,7.0,81,1.99,1663
终点计划,8.4,355,1.99,20233
虚拟现实,0,0,1.99,1762
投币手术机,6.8,238,1.99,3810
意念共振的末世,7.2,20,4.99,1281
绝不姑息,0,0,0.99,224
楚门的战争,6.6,87,1.99,1922
穿越者之死,5.8,22,1.99,2092
第零定律,0,0,0.99,219
蒲公英之种子,0,0,6.99,1244
时间折跃,7.0,98,1.99,3479
方舟计划,0,0,1.99,107
切除,0,0,1.99,153
换琴格,6.4,142,1.99,1936
未来都市：革命起源,5.8,131,1.99,2278
杀人机器人,8.6,32,1.99,2093
脉冲,6.0,156,1.99,2461
文明迷雾,7.2,29,3.99,2608
仰望星船,8.4,68,1.99,2415
朝寐烟河幽故事集,0,0,1.99,434
循环变化,6.2,13,2.99,523
漫游追击,4.6,137,1.99,1366
辛辞柳的魔幻世界（二）,0,0,0,1358
极昼,4.2,143,1.99,2261
公元2050,4.0,91,1.99,2898
中国式2012,7.2,21,0.99,1166
跨越时间之河,6.8,39,1.99,518
日行者,7.0,140,1.99,1861
神的等式,8.0,122,1.99,4161
深海宇宙,0,0,0,1177
柏林谍报员,0,0,1.99,482
成为刘慈欣（初版）,7.6,87,1.99,8815
天空之城,6.8,13,1.99,250
历史的路标,7.4,44,1.99,870
新星太空城,0,0,1.99,55
钟摆,7.0,27,1.99,634
中间人,8.4,291,0.00,14855
消失的维纳,4.4,109,1.99,3277
妄想,0,0,1.99,85
宇宙洪荒,0,0,0,2778
外星真人秀,4.4,33,1.99,483
人祭Ⅰ,0,0,0.99,927
无人驾驶,6.6,148,1.99,1855
紫都,6.6,41,1.99,581
一千,0,0,0,435
一鹊两雁,8.0,275,1.99,9707
穿越者,0,0,0,396
专业吵架团,7.6,277,1.99,11282
外星人日记,0,0,0,11
安乐山,7.6,489,1.99,23960
桶装whale,0,0,1.99,268
泪珠,5.2,43,1.99,777
回到你的星球,7.8,16,0,4132
雷霆之夜,4.6,73,1.99,1281
量子危机,0,0,0.10,0.10,1504
太阳黑子,6.4,73,1.99,1836
操作者,5.4,139,1.99,2345
真实幻境,0,0,0,539
地球觉醒,5.8,115,1.99,1233
扑火,7.4,19,1.99,1483
维,7.6,309,1.99,13186
解药,0,0,1.99,26
最后的梦歌,0,0,1.99,528
舜若之城,0,0,1.99,111
邮轮,6.2,45,1.99,1160
维纳斯坠落,4.6,133,1.99,1097
人类进化论：觉醒,4.8,177,1.99,10888
存身,0,0,1.99,336
时间旅馆,0,0,0,3444
梦游人谣,6.8,160,1.99,6226
穿越时空去爱你,0,0,1.99,429
龙战八百里,7.6,13,1.99,1119
豌豆乡,0,0,0.99,235
老无所需,7.2,241,1.99,6904
玫瑰三愿,5.8,37,1.99,973
选择,0,0,1.99,42
言与谎,0,0,0,9980
螳臂人,0,0,0,16
奥达曼西斯,0,0,1.99,114
偷渡者,6.0,145,1.99,4132
中继者,8.2,72,1.99,1717
机械人与情感森林,0,0,1.99,214
守护者的决意,6.8,14,0.99,483
梦境治疗师,0,0,1.99,67
木卫三之恋,5.6,98,1.99,2337
郎心似铁,0,0,1.99,445
失去夏娃的伊甸园,7.0,15,1.99,2104
生态圈-玻璃球时代,6.0,81,1.99,1136
逃避,0,0,1.99,607
图灵测试,6.2,34,1.99,1544
雪骑,0,0,1.99,837
沙尔瓦多的遗产,0,0,1.99,100
信号游轮,0,0,1.99,72
逆流,5.4,32,1.99,447
在遥远的过去与未来,6.8,35,1.99,782
守时者的等待,0,0,1.99,122
拍卖品第1049号,0,0,1.99,320
天下大同,0,0,0.99,768
幸福圈养,6.2,142,1.99,1541
第四个维度,0,0,2.99,777
忠诚手环,6.2,118,1.99,1681
永无止尽,5.4,123,1.99,1804
银河无国界,6.4,235,1.99,2898
雾星来的丑孩子,7.4,31,1.99,2763
痛觉分享,7.8,41,1.99,1537
平行世界观察者,0,0,1.99,304
分区探员,6.6,61,1.99,1675
破碎的实验体,0,0,0.99,1064
复活,7.8,321,1.99,15976
宇宙拾荒人,6.4,211,1.99,5732
Paradise Maker,7.4,32,0,2772
追上你的时间,6.8,141,1.99,2576
跳频,0,0,1.99,58
反物质之秘,6.0,29,1.99,637
脱缰的大脑,0,0,0,259
拒绝者1973,0,0,1.99,247
时空逆流者,5.2,45,1.99,729
天渊信使,0,0,1.99,160
千面人的救赎,0,0,3.99,919
折纸兔子的女人,7.4,12,1.99,829
两架飞机的相遇,4.6,22,1.99,284
窗外,5.2,52,1.99,1367
你幸福吗？,0,0,0.99,130
莫古,0,0,1.99,97
恒帝国的问题,0,0,2.99,623
盲象,0,0,1.99,246
套盒宇宙,8.0,78,1.99,1415
造物特遣员,5.0,79,1.99,3106
塔尼诺德尔,7.4,13,1.99,658
人类塌陷,4.2,159,1.99,2415
火焰摩托时代,0,0,1.99,459
星系反攻,0,0,1.99,178
时间切片,0,0,0.99,348
窃荒者,5.8,129,1.99,1801
无限地铁,6.2,44,1.99,688
他只是一件工具,0,0,1.99,216
蜘蛛背,0,0,1.99,196
清泉石上流,0,0,1.99,219
爱思唯尔没有背叛者,5.2,31,1.99,330
月殇,5.8,28,1.99,710
永不落地的航班（卷四）,0,0,1.99,698
前定和谐,0,0,1.99,69
春日失踪于电源线,7.8,84,0.00,1706
谜之空间,7.6,28,1.99,1155
你无法证明Ⅶ,0,0,0,784
神奇的相机,6.4,39,1.99,676
构人,0,0,1.99,455
22世纪科技访谈,6.2,137,1.99,1932
无药可救？,7.2,17,3.99,770
第四级授权,7.2,22,1.99,920
理所应当的美食,8.2,25,1.99,1102
回归,7.8,37,1.99,1367
古都星座的男孩,0,0,0,483
期许无言,7.0,13,1.99,143
无机质社会,5.4,76,1.99,1899
生而为人,0,0,1.99,679
诡秘山庄,0,0,1.99,52
永生洪流,0,0,1.99,847
一念成魔,6.4,32,1.99,446
古都往事,7.2,103,1.99,2286
永不落地的航班（卷一）,7.8,23,1.99,1149
唯心世界,6.6,108,1.99,2857
渐冻,7.4,42,1.99,756
谜城纪,0,0,3.99,817
洞,6.4,90,1.99,1798
逐日之塔,7.2,161,1.99,2425
超时空外卖,6.8,37,1.99,1014
地球狂想曲,4.4,28,1.99,386
生而为人,0,0,1.99,679
海上的移动城堡,0,0,0.00,63
死亡爱情,6.0,227,1.99,12580
密涅瓦的安魂曲,0,0,1.99,464
进化之变异,0,0,3.99,189
期许无言,7.0,13,1.99,143
那一片看不见的家园,0,0,0.99,99
最后的告别,0,0,1.99,150
永生洪流,0,0,1.99,847
生殖笔记,5.2,74,1.99,4062
异形辩护人X 之 冷酷的自尊,7.8,15,0.99,388
净化,7.2,21,1.99,929
末日来临那天，我们一起跳舞,7.6,27,1.99,1002
去往天堂的方向,8.0,246,1.99,9755
阿赖耶,6.8,20,1.99,570
八天,0,0,1.99,1644
造梦者,7.4,19,1.99,567
寻找爱丽丝,7.8,283,1.99,8877
无尽馨微,5.6,130,1.99,1531
未命名,0,0,3.99,211
饕餮之匣,6.2,216,1.99,7734
虫洞政治,0,0,1.99,291
隐形异端,0,0,1.99,133
永不落地的航班（卷五）,0,0,1.99,487
莫埃的复仇,0,0,1.99,179
星辰之吻,5.4,29,1.99,511
解放危先生,7.2,76,1.99,1432
黄粱一梦,0,0,1.99,195
杭州湾与变异人,6.0,84,1.99,1539
睡美人,0,0,1.99,177
反,5.0,32,1.99,607
尘归尘，土归土，地球归于冲击星（中英双语）,0,0,2.99,2405
孤儿院,0,0,0.99,279
月蚀,5.4,135,1.99,2122
向北・AI・基因工程,0,0,1.99,69
神船,0,0,1.99,185
上海毁灭,0,0,1.99,323
测试,7.6,129,0.01,0.01,3529
守望麦田,8.0,13,1.99,1001
环形山上的米娅,0,0,1.99,118
布娃娃,6.6,80,1.99,1757
前哨：简蓝星群,6.6,139,0.49,0.49,1651
冰封国度,0,0,1.99,296
抗美援丑,7.6,21,0.99,1813
里世界,6.2,131,1.99,2950
雏菊与永动机,5.2,132,1.99,1877
许多夏天之后，天鹅也要死去,7.8,16,2.99,1856
罪恶根源,0,0,1.99,119
永不落地的航班（卷六）,0,0,2.99,1242
钟表人,7.4,136,1.99,2423
救世主,6.6,104,1.99,3886
热月有情歌,0,0,3.99,228
四季,5.2,31,1.99,632
旅行指南,7.0,169,1.99,3567
未世之钟,7.2,12,1.99,303
大船迷航,0,0,0.00,258
生命的华尔兹,5.4,70,1.99,1628
杜鹃,0,0,2.99,793
永不落地的航班（卷三）,8.0,19,1.99,1294
衔尾恋,0,0,0.99,126
世界,0,0,1.99,561
在那生化危机的年代,0,0,1.99,52
食糖,7.0,149,1.99,2309
退化为人,7.4,32,1.99,874
彼一是非,0,0,1.99,856
杀手博物馆,6.2,217,1.99,8094
真实的幻觉,6.4,368,1.99,25396
远行,0,0,1.99,354
阿西莫夫的猫,6.0,93,1.99,1951
武侠作家之末路,8.0,116,1.99,3462
写记忆,7.6,13,1.99,674
人型炸弹,6.6,115,1.99,4607
朱柒和他的箱子,0,0,1.99,606
国家配对,3.6,141,1.99,2055
曙光中的你,0,0,1.99,50
神的礼物,4.6,30,1.99,468
审判日,0,0,1.99,156
余晖 （第一卷）,7.6,55,0,1337
该死的漂流瓶,0,0,1.99,33
晨曦里的葡萄园,5.8,26,1.99,564
卖命作文,7.8,33,1.99,832
谁是凶手,7.2,344,1.99,8007
自由国度,0,0,1.99,721
断剑师之死,5.6,85,1.99,3634
少年夏不安,0,0,1.99,550
克卜勒,0,0,1.99,230
无人之境,5.4,78,1.99,1457
病毒,5.6,93,1.99,2474
日光之下,0,0,1.99,138
飞越节律院,7.0,165,1.99,7402
复活秦始皇,0,0,0,332
正十七面体,0,0,1.99,1201
征战—银河篇,0,0,0,15
寻找格瑞恩,0,0,1.99,406
火车,5.2,175,1.99,3374
人型炸弹,6.6,115,1.99,4607
皮革制备术的奇迹,0,0,4.99,452
月球上的圣诞节,0,0,0,14222
少年夏不安,0,0,1.99,550
科幻悬疑×只是故事,8.4,53,1.99,4362
断剑师之死,5.6,85,1.99,3634
机械师,6.4,132,1.99,1634
一天,0,0,0.99,0.99,79
玻璃时代,5.6,136,1.99,2306
豆瓣方舟文库,0,0,0,159
唯心世界,4.8,112,1.99,1426
最后的乒乓少年,4.6,96,1.99,1228
生命线,6.2,135,1.99,2875
司机酒吧,7.4,12,0.99,0.99,695
离开蓉城,7.0,18,1.99,1916
为爱情干杯,7.2,12,1.99,1301
嗜毒,0,0,1.99,170
藏在记忆深处的那个人,5.4,29,1.99,404
神棍叔叔的尼人朋友,7.8,53,1.99,1265
发条青蛙,6.6,210,1.99,2676
恶魔和格拉兹海姆的凋谢,7.2,60,1.99,1772
最后的人类,5.6,183,1.99,15368
迷雾森林,7.2,12,4.99,1028
芬布尔之冬,6.2,132,1.99,1996
引雷者,5.6,16,1.99,500
末日穹顶,5.8,29,1.99,699
蛞蝓,6.4,185,1.99,3398
利刃坠落之时,0,0,1.99,529
造人,7.2,13,1.99,437
通关,6.4,30,1.99,307
永久封存,5.8,86,1.99,1223
数学深处的代码,7.6,58,1.99,1739
通天塔,4.4,21,1.99,510
罢格,0,0,1.99,224
我，银河速递员（上）,0,0,1.99,1391
永生,7.0,353,1.99,17862
慧眼,0,0,1.99,84
边缘,0,0,1.99,518
冲出地下城,4.2,204,1.99,3239
1761,7.4,97,1.99,2306
了不起的乔伊,0,0,0.99,84
11科室,0,0,1.99,71
蓬莱,0,0,1.99,153
你不是唯一,0,0,1.99,112
夜行人,7.0,180,1.99,2873
废城逃离,0,0,1.99,354
新世界旅游局,7.4,113,1.99,2817
我的太阳,8.0,165,1.99,2554
PLANT X,0,0,1.99,233
锦瑟,7.0,37,1.99,695
你好，Esc,0,0,2.99,239
狂小丑,7.4,16,1.99,1022
智能漏洞,5.4,162,1.99,2156
神之一手,6.2,180,1.99,2826
记忆之光,7.4,342,1.99,13593
蓝色计划,4.6,41,1.99,1181
星游随笔,0,0,0,261
时空裂痕,7.4,13,1.99,1029
盗梦归来,0,0,0,167
天网恢恢,0,0,1.99,303
文明战记,0,0,0,308
毁灭,0,0,1.99,342
异界星球,0,0,0,3523
奥濛战记第二集-探索奥濛星,0,0,1.99,62
0.99,4122151310431
继承者,0,0,0,3545
碧星游记,0,0,0,97
毒,7.0,131,1.99,3984
天人档案,0,0,0,680
换头,7.6,225,1.99,5110
信使,0,0,0,648
黑子能危机,5.2,120,1.99,1428
地球上的寂静黎明,0,0,2.99,180
共享之翼,6.0,123,1.99,1742
诺言,7.4,47,0,29340
造梦者之末日计划,0,0,0,97
Above Sky 苍穹之上,0,0,0,71
外星梦,6.0,50,1.99,1508
连结者Ⅱ信仰本能,0,0,0,56
我的哥们儿是ET,0,0,1.99,44
猪人崛起 之 地球危机,0,0,0,10
完美的周一一,7.0,46,1.99,1005
白矮星实验室,0,0,1.99,27
Project 秋,0,0,0,171
生长城市,0,0,0,161
核酸（起始线）,0,0,0,1077
换皮美人,7.4,11,1.99,330
界空大陆,0,0,0,33
孤岛酒保,0,0,1.99,753
月球古城,0,0,0,64
提如亚,0,0,1.99,519
赎爱,0,0,0,52
象帝之先,0,0,0,79
王十三，你信不信？,0,0,0,18
飞跃宇宙帝国,0,0,0,43
新世纪的神与战争,0,0,0,33
废墟,0,0,0,267
时空露痕,0,0,0,331
时光若尘,0,0,0,278
近未来的碎片,0,0,0,11
售梦人,0,0,0,17
战线,0,0,1.99,144
融融：21世纪末的梦幻泡影和纳米冰激凌危机内幕实录,6.8,59,1.99,1939
时间之末,0,0,0,22
天灾计划,5.0,134,1.99,2648
发生在意识场上,6.4,16,1.99,391
科学家游戏,0,0,1.99,508
你无法证明Ⅲ,8.8,32,1.99,2740
沙漠孤影,7.2,19,1.99,1446
谷歌制造,6.0,74,1.99,3732
奇谭语记,0,0,0,381
1309仓（未删减篇）,0,0,0,614
乾坤一掷,0,0,1.99,584
你无法证明Ⅵ,9.2,23,0.99,1752
我们漂浮在太空,0,0,1.99,501
太阳系,0,0,0,126
未来制造,7.6,468,1.99,30794
灵境之眼,7.6,277,1.99,6371
特别事件处理局,4.6,147,1.99,1659
观察者日记,0,0,0,95
凤凰说,0,0,0,6
黒炎术士传,0,0,0,83
流明,0,0,0,53
九十七：燃烧的大地,0,0,0,9
万年前的星,0,0,0,73
惩罚,0,0,0,8
末日之前,0,0,1.99,218
江湖纪：上古天书,0,0,0,24
混沌时轮,0,0,0,311
战线,0,0,1.99,144
融融：21世纪末的梦幻泡影和纳米冰激凌危机内幕实录,6.8,59,1.99,1939
你无法证明Ⅵ,9.2,23,0.99,1752
从天而降的少女和我谈起了恋爱,0,0,0,23
科学家游戏,0,0,1.99,508
你无法证明Ⅲ,8.8,32,1.99,2740
天灾计划,5.0,134,1.99,2648
万物扰扰,0,0,0,18
乾坤一掷,0,0,1.99,584
你看得见天上的鲸鱼吗？,0,0,0,252
我们漂浮在太空,0,0,1.99,501
太阳系,0,0,0,126
谷歌制造,6.0,74,1.99,3732
冰冻纪元,0,0,0,233
原型机,0,0,0,98
特别事件处理局,4.6,147,1.99,1659
Espresso,0,0,0,23
亲子大冒险之昆仑之巅,0,0,0,615
抹香,0,0,0,125
谁的万有引力,0,0,1.99,261
行使,0,0,0,168
希夷门,0,0,0,44
创,0,0,0,19
深影,0,0,0,3479
与地球诀别,0,0,0,104
午夜之白,0,0,0,44
花籽症,0,0,1.99,823
十日的臆想世界,0,0,0,38
一个历史虚无主义者的独白,0,0,0,33
脑瘤,5.6,47,1.99,663
平行宇宙交换生,0,0,0,373
意识游戏,0,0,1.99,137
人工弱智能,6.6,64,1.99,2050
亲子大冒险之昆仑之巅,0,0,0,615
行使,0,0,0,168
希夷门,0,0,0,44
星尘,0,0,0,48
进军的真理,0,0,0,22
深影,0,0,0,3479
与地球诀别,0,0,0,104
午夜之白,0,0,0,44
幻小品,0,0,0,19
高中生私奔传说,0,0,0,72
幻电光影,0,0,0,6
共享明天,0,0,1.99,851
抹香,0,0,0,125
遇见闪灵者,0,0,0,100
创,0,0,0,19
时间,0,0,0,29
火星漂流,0,0,0,156
19.99,713526342722
《列时空恋人》,0,0,0,1182
裂迹,0,0,0,26
去海边,0,0,0,2835
迷宫村,0,0,1.99,98
昨夜星辰今夜梦,0,0,0,1013
星期四小姐,7.2,14,1.99,1500
7.8,11,12.99,1762964903857831804789754749718
境界特快,0,0,0,93
弦,7.4,13,0,16642
UNIFAM 一,0,0,1.99,698
拐角的魔法街,0,0,1.99,92
微光黎明,0,0,0,73
封駅,0,0,0,713
狸猪之畔,5.4,106,1.99,1307
最终启示录,0,0,0,120
御梦者之真实世界,0,0,0,7364
末日危机的抉择,0,0,0,221
冰雪之吻,0,0,0,319
末日之城 ,7.0,26,1.99,3096
19.99,713526342722
裂迹,0,0,0,26
去海边,0,0,0,2835
水晶邦,0,0,0,9
御梦者之真实世界,0,0,0,7364
拐角的魔法街,0,0,1.99,92
浩劫后的蟑螂,5.4,33,1.99,570
星眸纪元,0,0,0,16
星期四小姐,7.2,14,1.99,1500
迷宫村,0,0,1.99,98
测试,7.4,74,1.99,1439
RecYclE,0,0,1.99,395
此处非彼处,0,0,0,29
天堂的背面,0,0,0,134
封駅,0,0,0,713
狸猪之畔,5.4,106,1.99,1307
最终启示录,0,0,0,120
末日危机的抉择,0,0,0,221
冰雪之吻,0,0,0,319
月光计划,6.2,40,1.99,673
洪荒之大圣降临,0,0,0,102
母亲,0,0,0,15
迷雾的季节,0,0,0,649
素衣的蚂蚁王国,0,0,0,43
三体殖民往事：人之初,0,0,0,221
如果我是一只会思考的猪,0,0,0,11
短篇豆腐科幻小说合集,0,0,0,20
公元一万年,7.6,183,1.99,8463
烧脑,6.8,147,1.99,3715
欲望之穹,0,0,1.99,966
堕于城中,0,0,1.99,166
199个我,0,0,0,160
老人河,6.2,95,1.99,2360
知惠战争,0,0,0,1660
倒世界,7.4,11,1.99,464
重生片断,7.4,16,1.99,515
末生记：我在地球等你,6.0,104,1.99,1780
未来世界5005,7.2,12,3.99,1692
6.99,1033331323229313063
神路,0,0,0,49
7.99,17061515253106
国家机器,6.8,13,1.99,357
天眼,0,0,1.99,116
深潭,0,0,0,68
般若核心,0,0,0,327
蒙面星球,0,0,0.99,320
AI谜城,0,0,0,21
再造恋人,0,0,0,35
救赎之梦——伦敦恋曲,0,0,0,21
死神的使者来了,0,0,0,13
八七,0,0,0,17
OUT OF THIS WORLD,0,0,0,129
无人守望,0,0,1.99,168
失落帝国,0,0,0,7
虚视,0,0,0,30
无用之人,7.2,39,1.99,905
窥探者笔记:来自异世界,0,0,0,830
<宇宙催眠师>第四章 人间本无病,0,0,0,635
《第三类人》,0,0,0,200
倒世界,7.4,11,1.99,464
《墓碑传》,0,0,0,11
圆梦包房,0,0,1.99,90
超级奶,0,0,0,122
欲望之穹,0,0,1.99,966
白虹贯日,5.6,142,1.99,1494
冗长的哲学,0,0,1.99,101
物种之战,0,0,0,2864
书冢,6.6,36,1.99,615
岛十三,7.0,151,1.99,2477
5.00,4424372019388663
公元一万年,7.6,183,1.99,8463
康德次元,5.6,121,1.99,1630
人类进化指南,6.8,95,1.99,2957
烧脑,6.8,147,1.99,3715
知惠战争,0,0,0,1660
老人河,6.2,95,1.99,2360
测量都市,0,0,1.99,59
2076,7.0,18,1.99,944
饕梦,6.8,315,1.99,5851
6.99,1033331323229313063
7.99,17061515253106
橐（tuo）龠（yue）,0,0,0,538
圆梦包房,0,0,1.99,90
超级奶,0,0,0,122
紫,0,0,0,7
珍爱,0,0,1.99,627
冗长的哲学,0,0,1.99,101
零号的第一宪章,0,0,1.99,72
物种之战,0,0,0,2864
书冢,6.6,36,1.99,615
手机星球,0,0,0,34
看不见的世界,0,0,0,34
三个世界,0,0,0,245
人类进化指南,6.8,95,1.99,2957
火星移民,0,0,0,89
岛十三,7.0,151,1.99,2477
神浸八爪鱼,0,0,0,41
二重界,0,0,0,33
5.00,4424372019388663
测量都市,0,0,1.99,59
架向时间的翅膀,0,0,1.99,70
永生（上部）,0,0,0,47
暗影天使,0,0,0,22
紫,0,0,0,7
时间商人,0,0,0,45
手机星球,0,0,0,34
看不见的世界,0,0,0,34
创世之柱,0,0,0,77
意识战争,0,0,0,259
星空往事,0,0,0,439
尼伯龙根灾难日的降临,0,0,0,162
邪神笔记,0,0,0,35
银光,0,0,0,65
时间商人,0,0,0,45
星空往事,0,0,0,439
余烬,0,0,0,63
意识战争,0,0,0,259
创世之柱,0,0,0,77
邪神笔记,0,0,0,35
月影双瞳,0,0,0,375
银光,0,0,0,65
零式崛起,0,0,0,65
The ∞ Class,0,0,0,416
大限将至,0,0,0,754
2057年,0,0,0,24
未来计划,0,0,0,10
你的第三天是我的,7.2,26,1.99,890
无冬之梦,0,0,1.99,475
柱,0,0,0,61
气球人,0,0,0,21
深海一号,5.6,174,1.99,5381
飞向X行星,0,0,0,244
百年流浪,0,0,1.99,223
暮日光芒,0,0,0,35
《时代纪元》,0,0,0,154
雾港,0,0,1.99,78
永不落地的航班（卷二）,8.8,16,1.99,550
云端代码,0,0,0,613
梦游都市,0,0,0,1036
电梯,0,0,1.99,202
物理教授与算命先生,0,0,1.99,187
第二世代：时间之川,0,0,0,227
根本,0,0,0,84
余烬,0,0,0,63
我们的未来（一）,0,0,0,217
地球上最后一个男人,0,0,0,149
电竞迷城之头号玩家,0,0,0,160
尘世魔男浮沉录,0,0,0,16
听风谣,0,0,0,108
迷雾,0,0,0,8
月影双瞳,0,0,0,375
