山青卷白云：女翻译与王维,9.6,87,0,255929
明明喜欢你Ⅱ【前传】,9.0,32,0.00,4250
万物为谁春,9.6,154,0,207916
结伴而逃,0,0,0.00,4502
月光谣,9.2,16,0,39729
烟雨平生,7.4,16,0.00,2565
硅谷爱情故事,8.8,1273,0,9732654
我是一颗流星,0,0,0.00,291
你心底有花开,9.0,343,2.99,40121
少年，我爱你,8.4,22,0,13726
南华曲,9.8,130,0,275177
好项目烂团队,9.2,113,3.99,33189
从二而终,9.2,28,0,67639
当我看向你的世界,9.6,76,0,235288
一路上有你,0,0,0.00,1610
明明喜欢你,8.8,232,1.99,42161
和鸾雍雍,8.8,67,0.00,13818
我们的5次求婚,9.2,39,0.00,16272
相见欢,8.8,69,0.00,9021
东京只有我和你,0,0,0,2835
花落随,7.2,12,0.00,3535
漫漫知何处,0,0,0,3065
在等的人,8.8,54,4.99,8183
那些在动物园里找对象的日子,9.4,368,0,764275
别说我嫁不出去,0,0,0,3008
小妇人（下部 · 大结局）,0,0,0.00,232
念念,9.0,244,2.99,39082
一万种可能,8.4,40,1.99,3691
恶女阿希,9.6,145,0,625843
人人都爱青楼女,0,0,0,176
爱你不必煽情，走心就很动听,0,0,0.00,1764
我们为什么结婚,8.8,92,0,631515
血色天使,0,0,0.00,934
写故事的筝,9.8,147,0,645321
如果我先遇见你,8.8,367,3.99,98753
只爱这世上唯一的你,7.8,11,0.00,5396
半江瑟瑟半江红,0,0,0.00,708
天涯追梦人,9.6,32,0,160699
港岛之恋,8.4,1111,1.99,174219
两个人的晚餐,9.6,795,4.99,295014
不可触碰的温柔,8.4,34,3.99,2817
旗袍,8.2,194,0,33922
北京朝九晚五,0,0,1.99,1275
风火男孩,0,0,0,2359
满目伤城空念远,8.0,14,0,174620
灯火阑珊处,9.0,53,0,132573
恰年少,9.4,24,4.99,10898
北京不说话,9.2,15,2.99,6053
性格与慢性病,9.0,522,2.99,135544
怪味豆,0,0,0.00,1028
香港备胎,8.0,341,3.99,113825
男男男男男男！,8.0,347,1.99,44750
曼城的天空,9.4,80,3.99,11572
梦觉已向晚,0,0,0,21995
四重奏,9.4,41,4.99,10641
都是异乡人,8.6,41,0,111101
无策书店（ 修订版）,0,0,0.00,807
有爱我们床上谈,8.0,505,6.90,215395
樱朝之时想见你,0,0,0,27257
初夏与娜拉,8.4,28,0,3411
摇马郎,9.6,77,0,138189
不负卿,8.6,207,0,13241
柚子的36次相亲,7.2,91,0.00,3327
理想国,7.0,201,1.99,13661
对窗,7.8,813,1.99,41985
敏娜之爱,0,0,0,165
他点火的方式,7.8,45,3.99,18661
谈不了恋爱的B小姐,8.4,111,2.99,2.99,33845
曹有钱的没落,0,0,0,1549
风花,9.2,83,3.99,24199
何生眉间案,0,0,0,7015
隐形爱人,0,0,4.99,3710
女子恋爱图鉴,8.0,110,1.99,20682
咫尺天涯,7.4,12,3.99,2385
旅途中，我遇见了亲爱的你,9.2,42,3.99,3.99,13584
搭伙,8.8,49,1.99,6211
与我相爱的99个男人,7.8,14,0,8355
乡绅,0,0,0.00,18
破茧,8.2,162,1.99,20046
我三十八岁的做作,7.8,479,3.99,131798
海上旧事,8.4,24,4.99,3241
谢谢你的海,7.8,166,1.99,14279
情外,0,0,1.99,3056
一生一次,8.0,40,4.99,17053
犹如夏莲,0,0,0.00,5561
所有她想要的,6.8,181,0,43795
在水一方,7.4,343,0,11530
只想吸引你,0,0,0,134
爱恨都已倾城,0,0,0,597
重逢是最好的告别,8.6,417,0,53146
时风止,0,0,0,517
就这样，我们杀死了爱情,9.0,63,7.99,28455
寂寞星途,0,0,0,56
择偶条件,0,0,0,158
颤抖的叶子,9.2,69,5.99,19822
婚事,8.0,146,0,20335
相爱的人，没有悲伤,7.8,12,0.00,1655
人性如此,0,0,0,90
以爱之名,0,0,0,129
情至深处,8.6,39,1.99,1.99,15032
延禧外传,0,0,0,111
景慕桑榆,0,0,0,17
我知你在念我,0,0,0,7
前生约,8.4,42,1.99,4001
小妇人（下部 · 第一卷）,0,0,2.99,493
蟠龙镇,8.4,14,1.99,3509
冬尽春生.曙光,6.8,45,1.99,13086
茉莉,7.4,21,1.99,1034
小妇人（下部 · 第二卷）,0,0,3.99,276
给我一个永恒的谎言,8.2,2104,1.99,151959
友情,8.4,225,0.99,10242
那你唱个歌给我听,0,0,1.99,891
夏日昏因,8.4,59,2.99,20613
美人痣,0,0,1.99,170
昆虫小姐,8.0,421,0.42,0.42,12731
落花时节又逢君,0,0,0,137
为你，一念天堂,6.8,26,1.99,2469
薄幸街,9.0,44,1.99,4434
越来越西,0,0,0,362
斯德哥尔摩情法,7.0,141,1.99,16442
随风飘,0,0,0,242
月凉如水,0,0,0.99,1178
碧落青霄引,0,0,0,4119
初晴 修订版,0,0,2.99,897
悦己者容,0,0,1.99,976
无法为妻,0,0,0,77
雪女,8.8,40,1.99,3161
世间女孩儿,0,0,0,862
璀璨,0,0,0,2155
秘密,8.4,18,0,262451
我们一起的闲聊时光,0,0,0,481
对不起，我就是想和你在一起,0,0,0,74
你爱我吗？,0,0,0,113
以后别做朋友,0,0,0,63
非典型爱恋,0,0,0,30
选择,7.6,181,0,3201
恋爱的青苔,0,0,0,1291
上言加餐饭，下言长相忆,7.8,34,1.99,5144
她叫游小鱼,0,0,1.99,177
十年，梦一场,8.0,396,1.99,65159
左佳佳的向上人生路,6.6,444,1.99,38598
圈,9.0,19,2.99,3074
米诺,0,0,0,18
十一年,0,0,2.99,3693
光芒,9.4,29,0,72660
荒唐,7.2,18,1.99,2353
亲爱的比熊(我在等你爱上我),0,0,0,623
台儿庄爱情故事,0,0,2.99,437
追风筝的人,0,0,0,66
在纽约,8.4,74,1.99,9254
一场游戏两场梦,7.2,55,1.99,5998
芝城故事,7.8,260,1.99,13785
名媛你好,0,0,0,33186
难以抗拒你容颜,0,0,0,17
饮茶记,0,0,0,13
时光留殇,0,0,0,2
暗涌,0,0,0,736
黛西,8.4,41,1.99,3762
飞飞,7.2,230,1.99,5541
惊鸿浮梦记,0,0,0,3469
花斑母牛,0,0,1.99,157
《红糖夏天》,0,0,0,69
我见过一场海啸,6.4,389,1.99,31919
苍白声部,8.4,58,0,19162
时光不说我爱你,0,0,0,11
夜色斑斓,6.4,116,1.99,8159
湘江绝恋,0,0,0,311
藏爱,0,0,1.99,126
走过岁月，我要找到你,0,0,0,34
切片,7.2,91,1.99,4015
青爱,7.6,30,1.99,2667
戒烟的猫,8.6,33,1.99,5004
宅女的恋爱可能,0,0,0,39
幽冥录,0,0,0,72
我在等你，全世界都知道,0,0,0,8
俗世男女,7.4,11,3.99,2884
网,0,0,1.99,947
陌上幽州,0,0,0,346
应该结婚的女孩,5.2,67,0.10,0.10,1247
忘记是一场忧伤的旅行,0,0,0.00,900
主妇琳达·肖,7.8,50,1.99,4084
人间烟火,0,0,1.99,78
年年红药为谁生,0,0,0,11
柏林恋人,7.6,173,1.99,24147
如烟如言,0,0,0,4800
路过你的青春和远方,8.4,56,0,31201
一个女人的765封信,0,0,0,5
世纪初的华丽,7.2,12,1.99,2239
正逢冬,0,0,0,27
再见风花雪月,0,0,0,26
漂亮的朋友,7.0,87,1.99,6291
1.99,3742242512192071831872263239
无巧不成书,0,0,1.99,1188
严肃的高跟鞋第二部,0,0,0,12021
阿拉莫,0,0,4.99,1595
第二个恋人,8.0,15,0,1213
迟到,0,0,1.99,100
后生长时期的爱情,7.2,35,1.99,6194
芮,9.2,30,0,159748
蓝璃之恋,0,0,0,48
维京号,8.2,51,1.99,2271
魅力老王回忆录——哲理贾宝玉+幽默西门庆,0,0,0,6
忘不了,0,0,0,997
波士顿假日,0,0,0,19555
致此生最明媚的花样年华,0,0,0,9
情失,0,0,0,835
相见欢,7.8,115,1.99,6028
跃出水面的鱼,8.8,78,1.99,7634
酒鬼行侠记,0,0,0,16
月之光,0,0,0,437
一叶未满,0,0,0,227
沉沦逆爱,0,0,0,46
总有一场恋爱天长地久,8.0,17,0,79997
碧水尽处是晚煦,0,0,0,6
一次酒后的经历,0,0,0,17
择贤记,7.4,12,0.99,919
治愈系恋爱,0,0,0,5995
我想知道你是谁,7.4,245,1.99,15392
甜蜜攻心计,7.8,24,1.99,1905
听船画雨,0,0,0,3820
橘,7.0,585,1.99,42258
女女男男,7.4,18,1.99,5448
情场如战场,7.8,11,0,3619
谢谢你，没放弃,7.8,12,3.99,4897
金银台,7.6,78,1.99,3285
西安爱情故事,0,0,3.99,1556
淼淼,0,0,0,3
我的相亲史,7.2,68,1.99,2452
我的狗生,0,0,0,17
前姻后果,7.6,13,0,31029
天凉好个秋,0,0,1.99,517
遗世黄羊坪,0,0,0,50
浮生 ,0,0,2.99,625
堂前燕,0,0,1.99,189
子夜歌,8.0,188,1.99,16308
寥寥而立,7.6,59,1.99,2919
她不是猫奴,0,0,1.99,62
皇帝与爱情,0,0,0,9278
真爱实验室,0,0,0.99,639
谁的北国，谁的南疆,7.8,11,1.99,1108
没能嫁给你，我觉得遗憾但不悲伤,8.4,16,3.99,3413
裂缝,6.8,172,1.99,6853
白夜未晞,0,0,4.99,1407
浊世野录,0,0,4.99,836
闪亮遗产,0,0,1.99,74
时折,7.0,12,1.99,349
南京温柔,0,0,0.00,545
春幻抄,0,0,3.99,141
抵达,0,0,1.99,232
光明女神蝶,7.8,28,1.99,2490
消失的信件,7.0,54,1.99,2027
霞飞纽约,0,0,1.99,371
蝶恋花•情殇,6.8,22,0.99,962
维也纳变奏曲,7.4,29,9.99,20549
日落之时,7.8,66,1.99,2993
哟，这牛头不对驴嘴的生活,0,0,1.99,444
南城有玉,0,0,0,130
九心九结，靡不思君,0,0,0,20267
等待双鱼男,7.2,73,1.99,2322
梦里不知凉是雨,0,0,1.99,136
媒妁之湮,0,0,1.99,409
羊角蜜瓜,0,0,1.99,1220
情归苏东坡,0,0,3.99,786
失去记忆的巴厘岛,7.2,11,1.99,1109
短歌行（上）,7.8,11,2.99,1222
安霓小姐,6.6,50,1.99,1495
遇见,0,0,1.99,651
某时某地的女孩,0,0,0.99,182
慢慢喜欢你,0,0,0,138
开航,7.4,247,1.99,15640
前世今生一杯茶,0,0,1.99,274
《恕不远送 各自安好》,0,0,0,20
笨蛋,6.6,138,1.99,9637
在你的电影里跳舞,0,0,1.99,234
纸戒指,0,0,1.99,345
完美情人,0,0,1.99,332
溪梅遗事,7.6,20,1.99,649
爱情幻想曲,0,0,3.99,3517
三文鱼之味,0,0,0.99,922
背面,5.4,506,1.99,29114
盛小姐,0,0,1.99,323
怕爱上刺猬，怕自己是猪,6.6,560,1.99,19917
山城旧人,7.4,39,1.99,3140
好运气,7.2,18,2.99,853
传说中的凤凰女,7.6,12,2.99,3356
夏末，巴黎,0,0,2.99,181
嫉妒与妄想,0,0,1.99,640
听船画雨,0,0,4.99,761
笨蛋,6.6,138,1.99,9637
字里花间,0,0,1.99,47
远山的冬天,0,0,0.99,492
我们都爱过彼此的美好,7.6,30,2.99,6537
塔什库尔干之歌,0,0,0.99,123
西城,0,0,1.99,570
被选中的伦敦鸽子,5.0,133,1.99,4070
椟中玉 奁内钗,7.2,11,1.99,316
永远在一起,0,0,2.99,255
南山白袅,0,0,2.99,292
别来应是,0,0,1.99,381
为了疼痛,7.2,12,1.99,282
石榴与金鱼,0,0,1.99,200
云上寻光,0,0,1.99,858
怨恨女人的人,0,0,4.99,128
终于等到你,0,0,1.99,357
此生只为一人去,7.2,28,1.99,989
小满难满,0,0,1.99,144
青春的三段回忆,7.4,161,1.99,6229
一曲青山与君行,0,0,0,5123
你途经我那9年,0,0,0,3
哦，我的签证官大人,0,0,0,1309
幽兰与玫瑰,8.4,130,0,160430
言花,8.0,11,1.99,2172
一路悲欢离歌,0,0,0,20
三分花香,0,0,1.99,180
咒语是你的名字,0,0,0,37
半层楼,0,0,1.99,645
回魂记,7.8,430,1.99,22757
恋人未满,5.8,121,1.99,3034
吾名汝姓,7.6,19,0.99,1586
巴塞罗那之夏（耽美）,0,0,0,78
情迷德黑兰,0,0,1.99,866
单身狗反击战,5.4,55,1.99,876
错章,0,0,1.99,998
鱼缸城市,7.2,57,0,4596
浮世随风,0,0,0,685
只有风经过的城堡,0,0,1.99,78
蔡小畅矫情小说大全,0,0,1.99,693
少年的哀愁（耽美）,0,0,0,568
6.99,2061801651601505120443
起落安妥,0,0,0,248
莫愁,7.2,56,0.99,2911
谁在回忆中等你,0,0,0,742
我的幸福，与你有关,0,0,0,2950
天青色，等雨,0,0,1.99,532
英雄之恋,0,0,0,1300
生死路,8.0,26,0.99,1720
喧嚣,0,0,0,766
青瓷,0,0,1.99,409
小夫妻,0,0,1.99,103
南橘北枳,0,0,0,2141
暂无,0,0,0,62
逆光生长,0,0,0,192
云停时光憩,0,0,0,1313
春风荡漾余人暖,0,0,0,3
九嶷云梦,0,0,0,2081
ceshi,0,0,0,7
吉他手大叶,0,0,0,35
予我欢喜城,0,0,0,27
那个女孩，我真的好喜欢你,0,0,0,337
西雅图不孤单,0,0,0,2347
此生云月再何期,0,0,0,284
凤阑夙,0,0,0,498
陈先生，你弯了,0,0,0,4259
《隋唐之燕云十八骑》,0,0,0,483
盐融,0,0,0,26
致亲爱的艾莉丝,0,0,0,53
理性宠爱,0,0,0,125
道是无晴却有晴,0,0,0,32
ceshi,0,0,0,7
予我欢喜城,0,0,0,27
春风荡漾余人暖,0,0,0,3
那个女孩，我真的好喜欢你,0,0,0,337
念夭,0,0,0,28
想把我说给你听,0,0,0,33
盐融,0,0,0,26
致亲爱的艾莉丝,0,0,0,53
静止的恋情,0,0,0,14
谁在回忆中等你,0,0,0,742
浮世随风,0,0,0,685
只有风经过的城堡,0,0,1.99,78
蔡小畅矫情小说大全,0,0,1.99,693
逆光生长,0,0,0,192
6.99,2061801651601505120443
我的幸福，与你有关,0,0,0,2950
莫愁,7.2,56,0.99,2911
南橘北枳,0,0,0,2141
天青色，等雨,0,0,1.99,532
喧嚣,0,0,0,766
夏日靡余,0,0,0,39
小夫妻,0,0,1.99,103
暂无,0,0,0,62
青瓷,0,0,1.99,409
云停时光憩,0,0,0,1313
九里香,0,0,0,158
夏日靡余,0,0,0,39
我爱你，我爱你,0,0,0.99,392
我为什么讨厌学校,0,0,0,181
敖鲁古雅有驯鹿,7.4,21,1.99,533
5.99,1720571485450430403407400350352
人人都爱前女友,0,0,1.99,737
影子殿下,0,0,0,3090
庸俗爱情,0,0,0,1215
6.99,299272256263241222211230232355
遇见你，我甘之如饴,0,0,0,708
我们没有在一起,0,0,0,2361
我与一位女卧底卷入的爱情,0,0,0,106
风过耳,0,0,0,131
纳兰亭,0,0,0,12
海上旧事,8.2,78,0,23584
相片、音乐和恋爱,0,0,0,673
不是不爱你,0,0,0,39
花姑娘的风流韵事,0,0,0,1399
网上王妃的上位之路,0,0,0,19
第21片叶子,0,0,0,85
救赎,0,0,1.99,87
在你灵魂深处,0,0,0,228
灯火阑珊,0,0,0,529
当你到时,0,0,0,347
17·27,6.0,51,1.99,1511
向潮生,0,0,0,473
浮川,0,0,3.99,1211
窈窕之姿,0,0,1.99,91
桃花,0,0,4.99,996
卡萨夜昼,0,0,0,53
一对,6.4,165,1.99,2817
孤岛,0,0,1.99,312
不思量，自难忘,0,0,0,29
三日,0,0,0,116
唐朝暖男,0,0,0,136
伴梦伴醒,0,0,0,8
爱在死亡蔓延时,0,0,0,43
今朝的风追今朝月,0,0,0,23
I Will Follow You Into the Dark,0,0,0,826
齐天大圣,0,0,0,115
初晴,6.8,13,1.99,1992
伤心故事集,0,0,0,294
妈蛋，我们的灵魂互换了,0,0,0,473
我叫金不换,0,0,0,32
醒不过来的喜欢,0,0,0,283
从舟,0,0,0,11
四月沼泽,0,0,0,115
深海恋人,0,0,0,69
东邪,0,0,0,42
神秘波斯菊,0,0,0,37
鲸来,0,0,0,35
何时余生未知语,0,0,0,20
德玛城的漂流骑士,0,0,0,32
喜欢你,0,0,0,362
海上旧事,8.2,78,0,23584
她的影子慢慢的变成了黑色的我,0,0,0,5
隐谷,0,0,0,39
菲林曼岛最后的夏天,0,0,0,2441
林小可相亲记,0,0,0,105
窈窕之姿,0,0,1.99,91
南风1.0—告白气球,0,0,0,10
别道晚晴,0,0,0,99
候音兮已,0,0,0,6
爱在日出后开始,0,0,0,29
乌托邦有别离温度,0,0,0,9
奶音暖男vs高冷男神：选谁好?,0,0,0,39
爱本无道,0,0,0,89
鱼梦星辰,0,0,0,650
熹微乱象,0,0,0,79
孤岛,0,0,1.99,312
隐谷,0,0,0,39
独行——素履之往 独行愿也,0,0,0,40
候音兮已,0,0,0,6
她的影子慢慢的变成了黑色的我,0,0,0,5
迟早,7.4,22,1.99,650
爱情预测仪,0,0,0,257
米兰的小屋,6.8,64,1.99,2385
林小可相亲记,0,0,0,105
南风1.0—告白气球,0,0,0,10
别道晚晴,0,0,0,99
爱在日出后开始,0,0,0,29
爱本无道,0,0,0,89
喜欢你,0,0,0,362
奶音暖男vs高冷男神：选谁好?,0,0,0,39
乌托邦有别离温度,0,0,0,9
鱼梦星辰,0,0,0,650
菲林曼岛最后的夏天,0,0,0,2441
熹微乱象,0,0,0,79
喜欢你,0,0,0,362
隐谷,0,0,0,39
候音兮已,0,0,0,6
她的影子慢慢的变成了黑色的我,0,0,0,5
菲林曼岛最后的夏天,0,0,0,2441
林小可相亲记,0,0,0,105
我的女友是植物人（终）,0,0,0,558
南风1.0—告白气球,0,0,0,10
别道晚晴,0,0,0,99
爱在日出后开始,0,0,0,29
爱本无道,0,0,0,89
乌托邦有别离温度,0,0,0,9
且与白云期,0,0,0,48
鱼梦星辰,0,0,0,650
熹微乱象,0,0,0,79
重生之余生伴你左右,0,0,0,75
永乐年美人秘史,0,0,0,111
王之秘恋,0,0,0,26
尼姑桐尘,7.4,18,0.99,975
如果天知道,0,0,0,11
以艾芏露恩之名,0,0,0,44
《仅见斯人》,0,0,0,29
《这个模糊的世界》,0,0,0,19
漂洋过海来看你,0,0,0,4013
超敏人生,0,0,0,5
追逐辛德瑞拉,0,0,1.99,246
与谁相濡以沫,0,0,0,22997
恋猫物语,0,0,0,9
空空般若波罗蜜,0,0,0,44
我们只在墓地道别,6.2,238,1.99,8474
宫词,0,0,0,1623
《千人同舟万人殁》,0,0,0,11
窗外紫槐次第开,0,0,0,1249
天堂的通行证,0,0,0.99,373
玉如烟,0,0,0.99,193
水中月 镜中花,0,0,0,197
夫君你无赖,0,0,0,1836
卿卿,0,0,1.99,1768
家住影帝隔壁,0,0,0,29
松下问童子,0,0,0,37
菩提本无树,0,0,1.99,406
回响的汽笛声,0,0,0,343
西街往事,7.6,15,0,13553
白茶,0,0,0,239
遇见完美男人的方法,0,0,0,920
致阿斯特蕾亚,0,0,0,141
执念,0,0,1.99,99
夜莺岛,0,0,0,149
我在等你，直到一路花香遍地,0,0,0,1897
转角遇见自己,0,0,1.99,291
原来我是爱你的,0,0,0,372
无以安存,7.8,12,4.99,2449
遥远晨星,0,0,0,5214
遇见你之后,0,0,0,1867
一叶芳华,0,0,0,38
浮世花开,0,0,0,53
纽约情事,0,0,0,17841
八千公里云和月,0,0,0,52
爱我彷如再无明日,0,0,0,96
清秋雨潇潇,0,0,0,41
南有乔木，不可休思,0,0,0,271
本世纪恋人,0,0,0,41
脑神经、植物和恋爱,0,0,0,15
凤与凰,0,0,0,10
依稀旧人，好过从未相识,0,0,0,163
锦样年华水样流,0,0,0,57
有你在旁,0,0,0,1958
谢谢你，陪我长大,0,0,0,239
侧耳倾听,0,0,0,20
我在人间捡故事,0,0,0,210
重逢没那么轻描淡写,0,0,0,136
孤鸿影,0,0,1.99,519
只羡鸳鸯不羡仙,0,0,0,79
申城小事,0,0,0,7
你是吃可爱多长大的吗,0,0,0,39
逸格格的那里世界,0,0,0,71
东都：北纬41度8,0,0,0,98
重生的三种方法,0,0,0,66
申城小事,0,0,0,7
温柔的杀我,0,0,0,24
格子手帕,0,0,0,64
《他的名字有十二画，让她难忘》,0,0,0,12
扑梦,0,0,0,9
你丫想啥呢,0,0,0,44
鬼故事,0,0,0,63
与藤崎夕子见面,0,0,1.99,303
安桐路的出租屋,0,0,0,584
《蛇妖迷情》（中部）,0,0,0,399
无需取代,0,0,0,49
一叶飘零,0,0,0,218
孤旅,6.2,136,0,12861
我爱上了我的老师,0,0,3.99,316
寻心人,0,0,0,56
文艺复兴时期的爱情,0,0,0,333
6.99,302228206200544340283324
红色高跟鞋之她她恋曲,0,0,0,107
如果爱有生命,0,0,0,212
7.0,20,5.99,3252253523682310223621822195213921572125
爱上你是我眼睛的错,0,0,1.99,297
清书之仪,0,0,0,183
顾作鸳鸯不羡仙,0,0,0,64
堇色滔天,0,0,0,23
知了不知了,0,0,0,11
指顾之间,7.4,17,0,31281
清书之仪,0,0,0,183
知了不知了,0,0,0,11
平行人生,0,0,0,463
晴天有雪,0,0,0.99,1254
只凝视着你,0,0,0,127
夜色微寒,0,0,0,34
测试请无视,0,0,1.99,37
2o18,0,0,0,488
揽悦阁楼,0,0,0,2713
忆梦传,0,0,0,302
树上的星星,0,0,0,69
顾作鸳鸯不羡仙,0,0,0,64
堇色滔天,0,0,0,23
我们的青爱,0,0,0,6
青春的句号,0,0,0,10
假如你都不爱我,0,0,0,10
西游爱情故事,0,0,0,561
你说喜欢时，路灯全部盛开,0,0,0,225
我被她吃了一年早餐，我吃了他一年早餐,0,0,0,91
那年夏天的风,0,0,0,465
归去来,0,0,0,8
我想和你一起生活,0,0,0,121
天青，终究等烟雨,0,0,0,126
胭脂雪,0,0,0,11
白月山,0,0,0,42
外嫁女在德国,0,0,0,197
幻梦九州,0,0,0,20
《单身26则》,0,0,0,224
《亲爱的卢赵林》,0,0,0,12
困兽,0,0,0,82
这个夏天遇见你,0,0,0,103
追悔有及,0,0,0,24
猫男仆,0,0,0,22
寒月传,0,0,0,11
暗潮之血,0,0,0,910
蝎与猫,0,0,0,8
他从雨里来,0,0,0,787
生生世世未了情,0,0,0,44
落花殇,0,0,4.99,976
飞似花蝴蝶,0,0,0,34
《单身26则》,0,0,0,224
埃兹假日,0,0,1.99,197
《亲爱的卢赵林》,0,0,0,12
拥抱雪夜,0,0,0,113
胭脂雪,0,0,0,11
台儿庄爱情故事,0,0,0,1366
外嫁女在德国,0,0,0,197
猫男仆,0,0,0,22
白月山,0,0,0,42
爱情不敌王爱红,0,0,1.99,236
缘起，花落,0,0,0,340
双果,7.0,34,1.99,920
困兽,0,0,0,82
这个夏天遇见你,0,0,0,103
深红似血,0,0,0,42
暗潮之血,0,0,0,910
蝎与猫,0,0,0,8
寒月传,0,0,0,11
落花殇,0,0,4.99,976
飞似花蝴蝶,0,0,0,34
卤煮,0,0,0,935
爱你如初,0,0,0,13
下雪的秋天,0,0,0,3748
《黑白无常》（柯南同人《GRS》①）,0,0,0,6
曼哈顿的甲店,0,0,4.99,747
留不住的指尖沙,0,0,0,1835
画镜年,0,0,0,906
湖畔叠影,7.8,19,0,17733
江夏的第101棵杉树,0,0,1.99,350
似酒流年,0,0,0,891
梧桐深院,7.2,64,1.99,2142
5.99,463323297288291287301288287301
爱上凤凰男,0,0,3.99,478
1.99,26319018416832
殷悦,0,0,0,233
寻爱记,0,0,0,7837
印度之行,0,0,0,57
《单身26则》,0,0,0,224
埃兹假日,0,0,1.99,197
《亲爱的卢赵林》,0,0,0,12
拥抱雪夜,0,0,0,113
胭脂雪,0,0,0,11
台儿庄爱情故事,0,0,0,1366
外嫁女在德国,0,0,0,197
白月山,0,0,0,42
爱情不敌王爱红,0,0,1.99,236
缘起，花落,0,0,0,340
双果,7.0,34,1.99,920
困兽,0,0,0,82
这个夏天遇见你,0,0,0,103
猫男仆,0,0,0,22
深红似血,0,0,0,42
蝎与猫,0,0,0,8
寒月传,0,0,0,11
落花殇,0,0,4.99,976
飞似花蝴蝶,0,0,0,34
《他纽扣上的头发》,0,0,0,275
爱你如初,0,0,0,13
想和火锅谈场恋爱,0,0,0,194
《黑白无常》（柯南同人《GRS》①）,0,0,0,6
蓝钻蝶,8.6,125,1.99,9079
画镜年,0,0,0,906
月饼奇缘,0,0,0,12
售楼小姐王小甜,0,0,0,21304
囍愿,0,0,1.99,289
你说爱像云，要自在漂浮才美丽,0,0,0,20
花开雪落动情人,0,0,0,83
2.99,302615347424625132719
《杏花天影》,0,0,0,111
时光双城,7.6,20,0,49537
变心,5.8,177,1.99,5852
踏沙行,0,0,0,958
蔷薇咖啡馆,7.8,12,1.99,2573
苒竹文学,0,0,0,17
地铁情缘,6.8,153,1.99,17220
蓝钻蝶,8.6,125,1.99,9079
《鱼的记忆有柒秒》,0,0,0,59
售楼小姐王小甜,0,0,0,21304
时光里最好的安排,0,0,0,40
拧巴的爱情,0,0,0,2662
渣男奇遇记,0,0,0,41
囍愿,0,0,1.99,289
绯色穿越,0,0,0,34
白发三千丈,0,0,0,1090
加勒比罗曼史,0,0,0,653
《当记忆连成线，你在哪里》,0,0,0,126
痴心人的梦,0,0,0,24
小白白与大灰狼,0,0,0,182
真爱永恒,0,0,0,109
爱情非正常死亡笔记,0,0,0,45
《当记忆连成线，你在哪里》,0,0,0,126
痴心人的梦,0,0,0,24
加勒比罗曼史,0,0,0,653
小白白与大灰狼,0,0,0,182
真爱永恒,0,0,0,109
《当记忆连成线，你在哪里》,0,0,0,126
《杏花天影》,0,0,0,111
你与大海,0,0,0,5
皇后大道西的暮光,7.2,237,1.99,6139
《鱼的记忆有柒秒》,0,0,0,59
当刀刃架在脖子上,0,0,0,62
我亲爱的小鲜男,0,0,0,2634
6.99,10673897068187927099
怎样告别：香港篇,7.6,17,0,11855
逆行,0,0,1.99,392
苒竹文学,0,0,0,17
时光里最好的安排,0,0,0,40
你好，周小美,0,0,0,433
渣男奇遇记,0,0,0,41
他朝两忘烟水里,0,0,0,3162
绯色穿越,0,0,0,34
爱在社交网络时代,0,0,0,2191
1541058576767423132417
放逐时期的爱情,0,0,0,2293
我亲爱的小鲜男,0,0,0,2634
皇后大道西的暮光,7.2,237,1.99,6139
陆家嘴爱情故事,0,0,0,7114
九月未安,0,0,0,25
怎样告别：香港篇,7.6,17,0,11855
6.99,10673897068187927099
逆行,0,0,1.99,392
你好，周小美,0,0,0,433
我们从来都破碎,0,0,0,139
他朝两忘烟水里,0,0,0,3162
民国小说：美人桑,0,0,0,522
爱在社交网络时代,0,0,0,2191
若你遇到他,0,0,0,16
1541058576767423132417
我在台下爱着你,0,0,0,23
夜非梦,0,0,0,28
凤栖梧归,0,0,0,11
余生有你才安好,0,0,0,29
甲方乙方,0,0,0,95
有一个地方,0,0,0,129
那年夏天2018,0,0,0,8
相看两“生厌”,0,0,0,799
大明皇后·揽溪传,0,0,0,7351
聊斋新语,0,0,0,109
合伙婚姻,0,0,0,889
眉间翠钿深,0,0,0,3
想重新认识你一场,0,0,0,75
密阿玛斯的骑士,0,0,0,13
下辈子我还是你的阿牛,0,0,0,14
七宗爱,0,0,0,689
这个夏天恋上你,0,0,0,17
跟爱豆网聊奔现了？,0,0,0,1101
光阴错爱,0,0,0,17
空转青春,0,0,0,14
道难平,0,0,0,31
那些花儿已经走远了,0,0,0,554
《月落杭州，寻落绍兴》,0,0,0,18
我与无数少女的梦,0,0,0,8
心愿,0,0,0,704
风信子的初恋,0,0,0,1507
掌上明珠,7.8,13,0,9136
四月春,7.4,14,0.99,1775
苍色,0,0,0,6448
他色,0,0,0,142
九月未安,0,0,0,25
84张老照片,0,0,0.99,413
北极光,0,0,0,3603
颤抖的经幡,0,0,0,2832
北非遗书,0,0,0,12762
江口和蕙,6.6,15,1.99,1017
纽约 情人 东河水,7.4,12,1.99,1358
青乌传,0,0,0,2131
我们从来都破碎,0,0,0,139
书院红颜,0,0,0,340
若你遇到他,0,0,0,16
再见，旧时光,0,0,0,335
不鸣鸟与飞天猫,0,0,0,611
愿我们都能嫁给爱情,0,0,0,428
邂逅,0,0,0,736
归音,0,0,0,118
终于结束的起点,0,0,0,36
玛利亚先生,0,0,0,53
布局者,0,0,0,90
让故事再发生吧,0,0,0,89
是妖不是仙哪,0,0,0,213
六合锦瑟书·和鸾雍雍,7.4,25,0,643
谁嫖窃了我的爱情,0,0,0,1609
何年何年初,0,0,0,275
前世情归君一生,0,0,0,52601
泥泞,0,0,0,16
瑶瑶,0,0,0,31
little story,0,0,0,23
我们没有在一起,7.0,57,1.99,2248
魔君恋,0,0,0,49
爱死于冬季,0,0,0,5
海上花：繁花何处开,0,0,0,83
三万英尺的北京,0,0,0,131
千年之约,0,0,0,62
坦坦的日记,0,0,0,150
全世界最好的y君,0,0,0,72
白玫瑰小姐的故事,0,0,0,33
《爱我， 别走》,0,0,0,19
在飞机落地之前说爱我,0,0,0,933
相思相见知何日,0,0,0,206
深圳爱情故事,0,0,0,27
12345,0,0,0,27
予你钟情 · Falling for you,0,0,0,89
用猫发电,0,0,0,11
繁与荒,0,0,0,11
虹,0,0,0,10
一只猪的奋斗史,0,0,0,64
鸠占凰巢,0,0,0,44
小世界,0,0,0,25
我的校园时代,0,0,0,33
湖底睡着鲈鱼，我爱着世界,0,0,1.99,583
得到你是这个世界最坏的事,9.0,85,0,47541
《蛇妖迷情》（下部）,0,0,0,184
原来,0,0,0,2795
八年,0,0,0,18
12345,0,0,0,27
亲爱的十二月,0,0,0,5854
裸泳,7.6,670,1.99,67594
徒然花,0,0,0,912
若是，前世未有缘,0,0,0,556
最后一首诗,0,0,1.99,204
6.99,127103887476302211
解语客栈,7.6,13,0,3658
晓晓,0,0,2.99,737
相意暖阳,0,0,0,3217
选择,0,0,1.99,989
致我们无疾而终的爱恋,0,0,0,31
是爱情？是生活呀！,0,0,0,610
浪淘沙,0,0,3.99,1027
你,0,0,0,34
不早不晚,0,0,0,46
寒暑院中人,0,0,0,35
奔二又奔三の九零后,0,0,0,80
时间拂沙,0,0,0,306
我们一起成长,0,0,0,32
白马篇,0,0,0,8535
浪漫食谱,0,0,0,947
带着花香的恋爱,0,0,0,37
漫漫脱单路,0,0,0,151
十二月的新娘,0,0,0,198
梧桐微暖,0,0,0,28
浮生追梦度流年,0,0,0,71
安若暖城,0,0,0,327
岁月如烟,0,0,0,16
一己嫣然,0,0,0,396
我的爱情是初夏微醺的花香,0,0,0,145
索菲亚教堂的婚礼,0,0,0,5
重生之逆袭大作战,0,0,0,65
君似沧海水,0,0,0,19
落花犹似坠楼人,0,0,0,89
清欢庸曲,0,0,0,17
我和他的距离,0,0,0,126
归途有期,8.6,28,1.99,3075
残香阁,0,0,0,6
时限,0,0,0,7
残香阁,0,0,0,6
世界上的我们,0,0,0,8
时限,0,0,0,7
山庄,0,0,0,9
如果离开,0,0,0,15
阔水浮萍,0,0,0,38271
最长情告白,0,0,0,4672
我想和你虚度时光,0,0,0,71
如果爱，请深爱,0,0,0,43
傲慢与偏偏,0,0,0,1874
听船画雨（二）,0,0,0,11
百慕大式告别,0,0,4.99,604
爱情让人不孤单,0,0,0,15
玻璃海豚,0,0,0,25
岁月惊花,0,0,5.99,1875
带着花香的恋爱,0,0,0,37
如果这都不算爱,0,0,0,45
黑色白玫瑰,0,0,0,300
记得 Ver2,0,0,0,47
猫女孩,0,0,0,1400
我有个故事说给你听,0,0,0,21
假如初恋伤害了你,0,0,0,440
向日葵,0,0,0,9
清书短篇小说集,0,0,0,95
猡鼠夫妻,0,0,0,52
鸳鸯·蝴蝶,0,0,0,326
女N号,0,0,0,10893
爱如行走,0,0,0,673
午夜料理,0,0,0,105
茶花恋,0,0,0,12864
神医少主,0,0,0,51
白夜之歌,0,0,0,5
再见，小提琴,7.4,30,0,3540
消失的恋人,0,0,1.99,298
清明又时雨,0,0,0,252
愿卿似初年,0,0,0,1679
七世布衣,0,0,0,124
5.00,18814113012211512212111612428
飞蛾扑火,0,0,0,246
粉墨浮生,0,0,0,2295
说再见,0,0,0,19
心生,0,0,0,317
向日葵,0,0,0,9
安然一笑，斜阳暖浮生（上）,7.6,13,0,1220
清书短篇小说集,0,0,0,95
猡鼠夫妻,0,0,0,52
如果爱，请深爱,0,0,0,43
如果离开,0,0,0,15
记得 Ver2,0,0,0,47
百慕大式告别,0,0,4.99,604
岁月惊花,0,0,5.99,1875
假如初恋伤害了你,0,0,0,440
如果这都不算爱,0,0,0,45
黑色白玫瑰,0,0,0,300
暴露狂,0,0,0,79
荷尔蒙小镇,0,0,0,37
祸水难收,0,0,0,832
丛林日暖玉生烟,0,0,0,520
对影成三人,0,0,0,53
青叶无言,0,0,0,8498
魅力男人训练营,6.0,81,1.99,2130
大副,7.8,35,1.99,1287
寻词纪,0,0,0,124
日月非明,0,0,0,241
沙巴之恋,0,0,2.99,560
我曾以为，你会离开,0,0,0,449
脱他妈的单啊,0,0,1.99,451
蜂鸟悬停,0,0,1.99,428
全世界只有一个阮又希,0,0,0,366
Love in Limbo,0,0,0,124
木子李和言午许,0,0,0,50
霓虹情史,8.0,13,0,16876
秋水佳人,0,0,1.99,205
暗恋是一朵怒放的花,0,0,0,4336
溪年远梦,0,0,0,154
民国十年春,0,0,0,325
等风等雨等不来你,0,0,0,44
我的两个身份与你,0,0,0,35
哎哟，我的鬼新娘,0,0,0,47
我和乔的路,0,0,0,125
《伊如晨曦》,0,0,0,14
飞鸟与鱼,0,0,0,223
说爱我,0,0,0,119
我对你的爱，胜过全世界,0,0,0,1382
缝隙,0,0,0,15
何以忘川,0,0,0,37
亡鱼的爱,0,0,0,138
仙鹤爱情故事,0,0,0,113
你的眼睛,0,0,0,49
林阳,0,0,0,70
王皇后恋上黑白无常,0,0,0,133
爱情循环餐厅,0,0,0,282
爱在珠穆拉玛,0,0,0,797
那一场情非得已,0,0,0,5112
我们的爱,0,0,0,80
我和你之间只差一个坦白,0,0,0,10
祸水难收,0,0,0,832
丛林日暖玉生烟,0,0,0,520
青叶无言,0,0,0,8498
大副,7.8,35,1.99,1287
最思卿,0,0,0,2699
日月非明,0,0,0,241
记忆开出朵双生花,0,0,0,28
沙巴之恋,0,0,2.99,560
脱他妈的单啊,0,0,1.99,451
蜂鸟悬停,0,0,1.99,428
全世界只有一个阮又希,0,0,0,366
一千夜狂想恋,0,0,6.99,325
且试风雨,0,0,0,76
慢慢喜欢你,0,0,0,10
霓虹情史,8.0,13,0,16876
寻词纪,0,0,0,124
逆光也是种向阳,0,0,0,34674
Love in Limbo,0,0,0,124
一念深沉,0,0,0,4001
异乡之虹,0,0,1.99,650
爱我以糖,0,0,0,7576
失城,0,0,0,1808
半颗糖的世界,7.2,42,0,174696
记忆开出朵双生花,0,0,0,28
怪物的晨曦,7.0,12,1.99,814
左手的响指,0,0,1.99,2208
漂流瓶之恋,7.6,17,0,109515
且试风雨,0,0,0,76
没想遇到你,0,0,0,1129
4.99,45732227326976
悠悠筱水淌人间,0,0,0,2273
珍惜词,0,0,0,158
叫醒深海鱼,0,0,0,371
慢慢喜欢你,0,0,0,10
半世缱绻一浮生,0,0,0,722
红尘飘摇雨,0,0,0,254
希思罗机场夜,7.2,36,1.99,2553
安之若素,0,0,0,46
月晶石之恋,0,0,0,77
念念无期,0,0,0,14
你在我心里种了一朵花,0,0,0,17
时间拂沙,0,0,2.60,2.60,850
那就这样吧,0,0,0,34
夏天里，记得遇见微笑,0,0,0,46
有你的回忆，幸福洋溢,0,0,0,14
因为我刚好遇见你,0,0,0,133
Don't destroy the endure 不灭忍,0,0,0,121
雪还是没下,0,0,0,527
蝴蝶沧海,0,0,0,3
都市,0,0,0,20
遗失的记忆,0,0,0,25
异乡之虹,0,0,1.99,650
爱我以糖,0,0,0,7576
失城,0,0,0,1808
半颗糖的世界,7.2,42,0,174696
左手的响指,0,0,1.99,2208
冬天暖了夏凉,0,0,0,132
漂流瓶之恋,7.6,17,0,109515
老无所依,0,0,0,242
珍惜词,0,0,0,158
4.99,45732227326976
叫醒深海鱼,0,0,0,371
冒牌巫神,0,0,0,23
承诺,0,0,0,119
伪装成梦的生活,0,0,0,3
红尘飘摇雨,0,0,0,254
有爱无爱都一生,0,0,0,180
酒馆记,0,0,0,179
女人三十,0,0,0,17
痴定你,0,0,0,16
南临：夏暮花如雪,0,0,0,19
月晶石之恋,0,0,0,77
念念无期,0,0,0,14
你在我心里种了一朵花,0,0,0,17
时间拂沙,0,0,2.60,2.60,850
那就这样吧,0,0,0,34
收信人不明,0,0,0,29
有你的回忆，幸福洋溢,0,0,0,14
因为我刚好遇见你,0,0,0,133
Don't destroy the endure 不灭忍,0,0,0,121
蝴蝶沧海,0,0,0,3
雪还是没下,0,0,0,527
夏天里，记得遇见微笑,0,0,0,46
遗失的记忆,0,0,0,25
鼎家有情,8.0,19,4.99,8925
我已不是少女,7.6,11,0,13779
皮肉情,0,0,0,14313
你的身体，我的灵魂,0,0,0,2887
一别就是一辈子,0,0,0,1078
将军令之千山沐雪,8.2,57,0,11786
雷·马西莫,7.4,17,1.99,681
愿黎明常在,0,0,0,81
沈清寻,0,0,0,2267
喜欢你的日子太难忘,0,0,0,503
轲依达与耶库特,0,0,1.99,130
桥的三十九度蓝,0,0,0,2684
6.99,4422772532412273629222016
银瓶记,6.6,104,3.99,12940
与你相遇,0,0,0,1361
6.99,1531271271241325667
深海,7.2,12,0,1690
年华，若素,0,0,0,2056
你是这个世界的孤独,0,0,0,6899
路过自己的人,0,0,1.99,165
笙歌,0,0,0,24
我在北纬37°等你,0,0,0,118
我爱你，不再见,0,0,0,2265
川流不息,0,0,1.99,122
我在回忆里想你,7.2,39,1.99,2559
房东女儿的日记,0,0,0,451
动物世界 人性丛林——写给大人的童话小说,0,0,0,2164
夺走美人心,0,0,0,18
青春倒数,0,0,0,18782
放爱靠左，偏右心跳,0,0,0,95
花落知多少,0,0,0,129
朦胧,0,0,0,1378
小小张不想长大,0,0,0,10
戏梦,0,0,0,18
甘之如饴,5.6,66,1.99,1375
我要的不仅仅是爱情,0,0,0,392
春叶维莫,0,0,0,1124
夏日那么长,7.0,58,1.99,1452
青牡堂,0,0,0,227
咫尺似光年,0,0,0,241
你走以后,0,0,0,25
他可能只是想睡我,0,0,0,34
爱在边缘时,0,0,0,465
晨昏,0,0,0,14
初恋诗人,0,0,0,25
阴阳劫,0,0,0,4
坍缩,0,0,1.99,649
第一个吻,0,0,0,287
花开并蒂,0,0,0,60
浅尝辄止是迷渊,0,0,0,139
悠悠翊曲,0,0,0,106
阿博的爱恋与他的刀,0,0,0,52
母系社会与后宫男团,0,0,0,596
青春不轻,0,0,0,10
我是一个转学生,0,0,0,31
我喜欢你，真的。,0,0,0,15
远征的将军 暂停,0,0,0,1
墨遥,0,0,0,16
GREEN DAYS,0,0,0,40
在爱的记忆中找你,0,0,0,99
爱的1001页,0,0,0,241
《常年，莫念》,0,0,0,14
人造空間,0,0,0,63
我是王彩娥,0,0,0,24
美人鸩之意乱情迷,0,0,0,36
两本日记,0,0,0,66
孤独测试,0,0,0,11
甜甜圈,0,0,0,31
记忆的重量,0,0,0,71
罪爱校草大神要逆天,0,0,0,38
两个人的篝火,0,0,0,18
陆离斑驳,0,0,0,555
我仰望着爱情,7.4,11,0,11870
没羞没臊,0,0,0,304
云城,0,0,1.99,68
我没有恋爱的原因,0,0,1.99,586
陌上春花,0,0,0,144
流云记,0,0,0,2712
双面情人—爱情行者,0,0,0,130
牡丹劫,0,0,0.99,1724
和他在一起的最后30天,0,0,0,871
傲骨,0,0,0,92
和你的爱情意犹未尽,0,0,0,83
苏小小,0,0,0,282
白衬衫,0,0,0,56
命运的秘密,0,0,0,260
回忆之尘,0,0,0,284
犀牛鸟,0,0,0,3003
迷途,0,0,0,29
列车开往终点,0,0,0,211
薇薇安的孤岛,0,0,0,135
苜蓿-江湖夜雨十年灯,0,0,0,124
愛在清時明月光,0,0,0,27
蔷薇初上,0,0,0,300
甩掉第十五个男人之后,0,0,0,8
灯火阑珊处的你,0,0,0,60
神君，咱们生猴子吧,0,0,0,53
念暖情,0,0,0,14
大呱的黄粱一梦,0,0,0,7
雾华浓,0,0,2.66,2.66,2527
一恋千年,0,0,0,155
星月之泪2,0,0,0,96
美人鸩之意乱情迷,0,0,0,36
两本日记,0,0,0,66
浮城花事,0,0,0,80
孤独测试,0,0,0,11
天使先生悲伤又耀眼的爱情,0,0,0,13
列车开往终点,0,0,0,211
大呱的黄粱一梦,0,0,0,7
苜蓿-江湖夜雨十年灯,0,0,0,124
甩掉第十五个男人之后,0,0,0,8
念暖情,0,0,0,14
天使先生悲伤又耀眼的爱情,0,0,0,13
变奏曲,0,0,1.99,362
天下无侯,0,0,0,11077
你好，再见,0,0,0,921
如沐爱河,0,0,0,78
晋朝爱情故事,0,0,0,1888
静夕传,0,0,0,16006
悲伤没有地平线,0,0,0,166
隐秘的情人,7.6,14,3.99,2308
白昼之光,0,0,0,420
三个女人,6.4,69,1.99,1208
失无所失,0,0,0,798
寒门公主,0,0,0,1259
负者歌于途,0,0,2.99,1248
刘小溪的恋爱晴雨表,0,0,1.99,803
5.99,479352336320318289293278135
谢谢你离开我,6.6,19,1.99,1738
相忘江湖,0,0,0,3994
燎原,0,0,0,10
二分之一的爱情,0,0,0,35
我酸甜苦辣的小妖精们,0,0,0,54
乌云后彩虹,0,0,0,1385
兔子你别跑,0,0,0,43
白路谧天萦潆风,0,0,0,672
凌晨，宇宙，还有你,0,0,0,150
白天知道夜的黑,0,0,0,40
指尖琴缘,0,0,0,246
我是网红我怕谁[绝地求生],0,0,0,42
雪夜编,0,0,0,1952
我与世界告别的最后十天,0,0,0,24
未来情史,0,0,0,42
绮,0,0,0,57
爱是一种偶然,0,0,0,215
她的默然与他的漠,0,0,0,109
吻安，傲娇女神,0,0,0,39
5.99,479352336320318289293278135
三个女人,6.4,69,1.99,1208
你好，再见,0,0,0,921
负者歌于途,0,0,2.99,1248
如沐爱河,0,0,0,78
变奏曲,0,0,1.99,362
二分之一的爱情,0,0,0,35
白路谧天萦潆风,0,0,0,672
她的默然与他的漠,0,0,0,109
悲伤没有地平线,0,0,0,166
白昼之光,0,0,0,420
雪夜编,0,0,0,1952
我与世界告别的最后十天,0,0,0,24
寒门公主,0,0,0,1259
指尖琴缘,0,0,0,246
未来情史,0,0,0,42
乌云后彩虹,0,0,0,1385
天下无侯,0,0,0,11077
谢谢你离开我,6.6,19,1.99,1738
吻安，傲娇女神,0,0,0,39
