狐小月与羊大森,9.0,145,1.99,3628
波清波是一只鹅【五】,9.2,125,2.99,3545
诸神记,8.2,457,1.99,47416
狐小月与羊大森 2,9.0,109,1.99,1743
情绪过山车,7.6,60,1.99,2280
失忆症,8.0,370,0,9921
赤颜犬舍漫画,8.6,1125,2.99,32933
有画要说,7.8,13,1.99,1025
陈山农,9.6,861,2.99,33868
一个土肥圆男的画与哀愁（上）,0,0,0.00,375
Kalos' Odyssey,8.0,552,0,12083
旁观因果,9.4,849,2.99,33725
掘参,9.4,689,2.99,20824
少女春心图鉴,8.2,13,0.00,1026
每天一顿家常饭 1,8.0,185,0,6783
宝石和木兰,9.0,492,1.99,12574
大都会幻想故事二则,8.0,112,0.99,4317
伞之婚礼,8.4,18,0.99,0.99,724
梵米米图说咖啡：第一弹,8.4,214,0.99,6973
现世安好,9.4,38,1.99,5066
鱼,8.0,727,0,13719
一个人生活,8.0,196,1.99,17655
大大的世界小小的人儿,9.0,77,0,4056
渣男Chett启示录,6.2,27,0.99,2150
极品一家人,7.2,30,0.99,1529
消失的云彩,7.6,15,0.99,437
爱情这个谜,8.2,356,0.99,8716
每天一顿家常饭 2,8.2,167,0,8295
焦虑的时候可以画画,8.4,83,0.99,5691
地狱十八趣味图鉴,7.0,47,0.99,2091
梦醒时分,7.8,127,0,6390
灵魂漫画,8.2,534,0,20700
阿达和他完美的紫色玩具球,0,0,1.99,453
每天一顿家常饭 8,8.8,41,1.99,2432
橘子,8.8,68,1.99,1408
致郁系女孩七比,8.4,26,2.99,1653
我和我的北京,8.2,4580,0,104586
爷爷去雪国了,8.2,242,0,3664
波清波是一只鹅【一】,9.0,191,3.99,8497
喵，吾辈是猫,8.2,950,1.99,29142
因为我是水蓝色的,8.2,905,0.99,20893
潜水练习,8.0,288,0,6693
波清波是一只鹅【三】,9.0,148,2.99,2887
多少往事,8.0,12,1.99,1204
乌鸦传说,0,0,0.99,575
波清波是一只鹅【二】,9.0,136,3.99,3954
不记就不记得的学校,8.8,1547,0,52661
音乐教室,8.2,380,0,5170
雉尾剧场1&2合集,7.8,14,1.99,621
茶余饭后,8.8,57,3.99,4915
向日葵都是瓜子脸,7.6,11,1.99,632
每天一顿家常饭 4,8.6,80,0,4786
迷失着，追寻着,8.0,722,0,15564
闪存或者U盘里的人,7.0,16,1.99,735
《重庆语文》满血复活版,8.6,34,2.99,3446
I wish,8.2,407,2.99,9851
角乐门物语,8.4,45,1.99,1446
自拍时代,6.2,111,0,4894
济良所 : 1901年上海雏妓首创中国古董娃娃品牌 ,8.0,20,1.99,1250
Yoga,8.2,73,0.99,2048
做个小人真快活,0,0,1.99,334
如何成为手绘达人（升级版）,0,0,0,175
每天一顿家常饭 3,8.8,173,0,7512
梵米米图说咖啡：第二弹,8.6,143,0.99,3456
武汉地铁传说,7.4,14,1.99,756
相伴四季,0,0,1.99,570
波清波是一只鹅【四】,9.2,94,2.99,2034
绘本人生：妈妈爸爸去哪儿啦,0,0,1.99,653
一个人好天气,7.6,468,0.99,12203
陪老爸抗癌的日子,9.2,27,1.99,1555
叙事研究,8.4,41,1.99,2308
不说话的天窗,9.4,64,1.99,4086
微小时光,8.4,53,1.99,2839
绝路双生,0,0,0.00,208
每天一顿家常饭 6,8.4,79,1.99,4612
“80后”鲜妈育儿日志,7.2,100,0.99,5773
甜蜜厨房,8.8,41,1.99,5046
结巴小放,8.6,56,1.99,1201
Why Are You Crying,8.8,102,1.99,8023
更加美好的味道,8.6,50,1.99,4642
直到世界尽头,7.0,120,0.99,5030
大宇宙小凡间,8.8,177,0.99,4697
画&诗：艺术的痕迹,7.8,42,1.99,2992
宅在家的女孩,6.6,138,0.99,4182
DAYS OF BEING BLUE,8.0,28,0.99,1013
生活在韩国,0,0,0,250
美国一年做什么,8.0,23,1.99,2909
完全不懂女友说什么,7.0,13,1.99,1745
四季的52个瞬间,7.4,12,1.99,1053
廿五光阴能有几？,8.6,111,0.99,4092
我们一起逃跑吧！,6.8,74,1.99,1419
爱情住隔壁,8.0,59,1.99,2786
地衣之王,0,0,1.99,546
诗人和小鸟,8.8,454,0.99,10955
鱼，是海中的水果,7.2,18,1.99,1197
Do Not Leave Me Alone,7.8,181,1.99,11560
汶川地震九周年,9.0,39,1.99,1019
旅行日记,8.8,296,1.99,14903
浮城绘,7.8,32,1.99,980
妈妈是森林女王,7.4,21,0.99,1188
我的101个女友,8.0,19,1.99,2297
花若木,7.2,12,1.99,1464
胖春天,0,0,1.99,435
西藏行,6.8,33,1.99,2043
NEVER ENDING,7.4,14,5.00,1507
梅子酒之味,7.6,18,1.99,1047
时间都去哪儿了,0,0,0.99,981
活在自己的世界,0,0,1.99,308
Broken Language,8.4,130,1.99,6944
夏日良梦,0,0,1.99,585
我的恋爱小说,0,0,0.99,797
绘本人生：初出茅庐,0,0,1.99,701
投石,7.4,29,1.99,844
飞鸟的梦语,8.2,47,1.99,3398
正能量联盟,0,0,0.99,305
最好的时光,7.6,23,0.99,1142
寻,8.2,50,0.99,3063
梵米米图说咖啡：第三弹,8.4,67,0.99,1520
“小把戏”系列四格第2辑,0,0,1.99,176
画戏,6.4,83,0,2410
妈妈，请听我说,7.8,33,0.99,2688
孤寂的沉思,0,0,1.99,433
每天一顿家常饭 7,8.8,59,1.99,2877
绘本人生：剩斗士,6.6,19,0.99,977
滚过来的野路小猴,7.0,23,0.99,1108
Be With You,8.4,69,1.99,2932
种花园的飞鸟出走了,8.6,188,0.99,4388
喵星人生活集,8.4,57,1.99,3862
每天一顿家常饭 5,8.8,113,1.99,7689
暴力娃,7.4,25,1.99,660
楼上的月亮,8.6,53,0.99,2115
梦与灵魂的记事本,7.2,13,0.99,624
荷马竞技场二号,0,0,0.99,262
慢先生Mr.Robot,7.2,27,1.99,1464
繁画似锦2.5,8.0,33,1.99,1509
老色魔,8.4,53,1.99,940
猎虾外传 一,0,0,0,443
青石镇的老提辖,7.6,13,0.00,766
流浪,7.4,85,0.99,2137
失恋手册,7.0,97,0.99,3798
糖炒小孩,8.0,16,0.99,1003
繁画似锦3,7.0,20,0.99,730
繁画似锦 贰,8.2,108,0.99,3091
电子猫和霹雳狗,8.0,25,1.99,1487
线点点,0,0,1.99,342
我的残酷物语,7.6,13,1.99,1129
姐姐说,7.4,28,0.99,1518
木目心,7.2,14,0.99,681
繁画似锦,0,0,0.99,527
Us Besides The Moon,8.2,30,1.99,1065
绘本人生：我们这一代,7.2,20,1.99,591
乐龄阿伯系列四格垂钓篇第1辑,0,0,2.99,139
茶余饭后·贰,7.8,33,1.99,3749
“小把戏”系列四格第3辑,0,0,1.99,309
童梦少女心,0,0,1.99,284
鱼说,0,0,1.99,574
岁月的痕迹 二,7.4,15,0.99,1239
城市病人,7.6,29,1.99,3011
我来了,6.6,25,0.99,1340
岁月的痕迹 一,8.2,52,0.99,1656
Swim,9.4,71,1.99,2451
Teich,8.2,42,1.99,962
千锤万打铸成钢,0,0,1.99,469
荷马竞技场四号,0,0,0.99,241
一个人的冬天,7.8,26,1.99,925
张小姐的孤独,0,0,1.99,367
绿先生,8.0,267,0.99,6266
“小把戏”系列四格第1辑,0,0,2.99,208
抑郁的观感,7.0,36,0.99,1893
事与愿违,0,0,0.99,105
柳,8.2,25,5.99,1188
教育漫画,0,0,0,442
贝儿和会发光的鱼,7.4,42,1.99,873
鬼马家族,8.4,31,0.99,1350
基本生活,0,0,1.99,301
山谷的回响,8.2,26,1.99,1252
夏夜萤桥,7.4,21,0.99,1661
皮尼斯的荒诞之旅,0,0,1.99,340
负暄琐画,8.6,37,0.99,1818
她的王国,0,0,0,388
看一部韩剧换一个男友,7.6,11,0.99,964
温柔的雨,7.2,66,1.99,1856
归家,8.6,289,0.99,5529
“甜咪咪苦叽叽”系列四格第1辑,0,0,1.99,119
天使鸡细来与魔怪阿对,0,0,1.99,85
黑色漫画图文,0,0,0,25
我会一直一直陪着你,0,0,0,768
心想事成的要诀,0,0,0,365
荷马竞技场三号,7.6,13,0.99,479
壳里的诺亚,0,0,1.99,109
时空旅者,8.0,33,0.99,1922
绘本人生：国王与安心草,7.4,13,1.99,1179
无爱无城的你,0,0,1.99,520
红与黑,6.6,36,0.99,1740
MISSION FAILED,8.0,16,1.99,1129
很美很美的光,7.0,24,1.99,5133
四月是个残忍的月,0,0,0.99,548
黑老头,7.8,19,0.99,717
工蚁的秘密,7.2,16,0.99,408
驰骋的白驹,0,0,0,55
南卡の梦境,0,0,0,27
iPad Painting 作品集 1,0,0,0.99,265
失眠症,7.2,14,1.99,851
《春至芳菲春将尽》插图,0,0,0,549
繁画似锦3.7,0,0,1.99,795
隔壁的冒菜馆,0,0,1.99,548
带我回家,8.6,70,2.99,1489
生活小爆炸,0,0,0,308
绘本人生：主题系列2则,0,0,1.99,298
猎虾外传 二,0,0,0,383
倒牛奶,8.0,468,3.99,12305
乳鸽的家常料理,0,0,1.99,332
天河夜谭,0,0,0,59
北京，给俺一个活法,0,0,1.99,442
Find me...,0,0,0,89
有你们真好呀，亲！,0,0,0.99,283
小鸡100day，系列少儿漫画,0,0,0,150
