试管医生手记：八细胞的承诺,9.6,64,0,48406
理短情长,0,0,0,8444
8090离婚记,9.2,50,0,78657
失业33天,8.0,808,0.00,141438
平凡的移民生活,9.4,25,0,40875
相濡以沫,9.8,52,0.00,20184
一个朋友,8.8,170,0.00,43983
花园街,0,0,0.00,2233
优质末等生,8.4,17,0,33956
美国职场宫心计,8.8,99,3.99,17943
急诊室伤痕女神,8.6,976,1.99,168457
单身在线（特别修订版）,9.6,596,4.99,217981
超五星体验,9.4,256,0,1629648
空港：云霄路上,9.4,312,0,3607836
老公孩子一起养,9.8,24,0,27462
在巅峰上高潮,7.6,25,0.00,8008
流沙,0,0,0.00,377
金融街没有爱情,8.2,2865,1.99,439329
美国职场宫心计--番外篇,9.4,35,1.99,2240
六姊妹,9.6,286,0,4312814
女帅,8.6,1230,1.99,103931
空港,8.6,3748,1.99,454772
大龄处女有什么问题,8.2,989,1.99,135531
天乌乌,8.2,18,0.00,4735
鼓浪屿,0,0,0.00,2781
手臂糖,8.4,73,1.99,15141
泸沽湖之夜,8.2,2014,0,135938
向爱而生,9.2,101,3.99,39068
这单车还有幸福可借,8.8,456,1.99,56973
新闻将在秋日死去,8.8,623,1.99,65039
涉外助理,8.8,588,5.99,271103
安全期,8.2,1754,1.99,160774
急诊室伤痕女神：生命之光,9.2,125,3.99,31053
潮汐预报,8.6,83,1.99,12328
香港备胎,8.2,178,0,260881
单身在线,9.0,1304,4.99,554355
开除,8.6,199,1.99,20136
我和我的佛系老公,9.2,353,0,596088
的战记,9.0,136,0,521397
海阔天空（完整版）,9.0,246,5.99,95539
不如归,8.4,44,1.99,6882
小飞侠,8.6,1725,1.99,173536
妇产科女医生,8.2,1730,1.99,182852
一丝不挂,8.0,947,1.99,116765
贤媛,0,0,0,244
活在美国：步步为陷,0,0,0,2610
女房产经纪,8.6,314,1.99,34634
治孤,9.0,1874,1.99,215795
如果影子会说话,8.6,236,1.99,17562
关于结婚的一场倒叙,8.4,40,1.99,8240
头像本人（增订版）,0,0,0.00,79
斯嘉丽小姐,8.6,167,0,1263505
鹅小姐的培训指南,8.2,414,1.99,58930
朝阳门,8.8,27,4.99,9812
朋友圈,8.8,349,2.99,79959
剩斗士徐蔓,8.4,92,4.99,29409
花朵之舞,9.8,42,0,69597
海阔天空,8.6,413,1.99,52348
水落鱼梁浅,8.0,487,1.99,37286
斑马你爱不爱我,8.8,644,1.99,37061
最好的时代,7.8,12,0,7598
三美图,0,0,1.99,1766
消逝,8.0,252,1.99,17693
零下四十七度,0,0,0,778
四月海,7.4,487,1.99,43123
离职大师,6.8,341,1.99,15777
黑梦,8.4,364,4.99,133485
你好，再见,7.6,1284,0.00,149043
角色,8.0,509,1.99,37335
我尚未到达的地方,8.0,882,1.99,78106
情迷博弈,7.4,11,1.99,2026
抬棺人,7.4,389,1.99,12885
补心,8.6,64,2.99,11233
鄙视链,8.2,235,1.99,20334
太阳底下,7.6,628,1.99,31510
母爱,8.0,28,1.99,2361
悲伤故事的美好结局,7.4,79,1.99,2744
女教师秘史,0,0,1.99,788
暗夜旅行,0,0,0.00,239
公关小姐,6.8,867,1.99,61800
小记者大江湖,7.8,26,4.99,3442
非||常道,9.0,38,1.99,4806
空巢青年,7.6,568,1.99,29813
战无不胜的祝小姐,7.8,1678,1.99,138590
流莲,9.2,157,7.99,61554
失忆蝴蝶,7.2,164,1.99,5413
南北,0,0,0,16
最后一封情书,0,0,0.00,1579
出走,8.2,549,1.99,31117
围城内外,8.8,146,1.99,22572
采购女王,8.6,193,1.99,12349
水碗,8.2,24,2.99,5985
原来梦想可以丈量,7.2,152,1.99,5598
清白之年,8.4,261,1.99,23639
艺管小姐,8.0,185,1.99,6608
你是个好人,8.0,136,1.99,5711
憨豆先生的午餐时间,0,0,3.99,651
玛格丽特的红咖啡,6.0,327,1.99,14256
我害怕练习瑜伽的自己,0,0,0,178
不结婚,0,0,0,501
香港的风,8.2,116,1.99,23849
最最遥远的距离,0,0,0,100
楼月芳菲,0,0,1.99,272
苏怡的二三事,8.2,27,1.99,1151
黄金屋里颜如玉,6.8,454,1.99,44539
有处可逃,8.0,15,1.99,1874
女博士的现代爱情 ,4.0,227,1.99,19933
薛定谔的单身,7.2,193,1.99,8127
瓷娃娃,7.2,74,1.99,1053
与杜小姐的七日谈,7.2,18,1.99,730
太阳的姿势,0,0,0,55
三年一天,7.2,315,1.99,11517
笑贫不笑娼,0,0,0,90
棋子,7.2,325,1.99,8567
点到为止,7.6,471,1.99,51784
丑女历险记,0,0,0,9
拜托了，审计小姐,0,0,0,239
老燕,7.8,396,1.99,24328
愿赌服输,7.4,12,1.99,1101
海阔天空 II,9.2,154,1.99,22457
克莱斯大饭店,7.2,664,1.99,43619
老板，你好,6.4,135,1.99,4779
破土的春芽,8.2,1060,1.99,104861
姐姐快跑,7.6,11,0.99,1023
莲城式相亲,6.6,85,1.99,2151
安茹是女神,7.4,12,2.99,1739
操场,4.2,77,1.99,983
灵魂的变迁,0,0,1.99,269
亲爱的杀手,8.8,16,2.99,5478
把无聊的日子打扮成小说,0,0,0.11,0.11,236
长沙沙水水无沙,0,0,0,12
不是环肥燕瘦,7.8,76,1.99,1792
重回往昔,0,0,3.99,645
二姐,0,0,0.00,652
明日天涯,7.0,18,4.99,3005
我当然爱你，只是你不知,0,0,1.99,1984
虚荣,0,0,1.99,1158
建筑女工的一天,0,0,1.99,362
校办主任,6.8,76,1.99,2371
白晓晓职场逃亡记,7.8,437,1.99,38674
半夜是回家的好时候,8.6,62,1.99,10959
夜姬,7.6,897,1.99,72606
风生水起叶未落,6.6,134,1.99,4367
她们的故事,5.4,126,1.99,2525
白色栀子花,0,0,1.99,804
铠甲,7.8,13,4.99,2721
像孩子一样去爱,5.6,244,1.99,7260
毕业一年,6.2,131,1.99,2443
名利场,7.4,198,1.99,6378
情迷博弈II,0,0,0,537
先疯少女组,6.8,84,0.00,2840
公关,6.6,176,1.99,7766
寒窑,0,0,1.99,413
被荷尔蒙拐跑的女人,7.6,532,1.99,23205
一个人的恋爱,6.8,12,1.99,442
忧郁的新娘,8.2,141,1.99,6306
均值回归,7.8,1193,1.99,67175
单身黑历史,7.6,87,1.99,2830
灯塔,7.4,139,1.99,3984
北有乔木，展在心中,0,0,1.99,403
失衡,6.0,264,1.99,8366
好喝不过白开水,5.6,276,1.99,5548
狼与狈,0,0,1.99,789
好吧，樊城俊,5.4,155,1.99,3420
必须荒废的夏天,7.8,80,1.99,1912
女人的舞场,8.2,22,1.99,10459
非洲人,5.0,73,1.99,1329
强拆风暴,7.2,93,1.99,3053
可可香,6.8,293,1.99,12796
祈晓,7.8,152,1.99,5530
贝林的智齿,7.0,301,1.99,6654
叶工,5.8,64,1.99,1000
涅尔俄兰达之墙,0,0,0,3305
昨日星光,0,0,1.99,125
基层公务员成长记,0,0,1.99,1215
画图狗,7.2,391,1.99,17966
中场休息,7.2,267,1.99,3798
一无是处的漂亮女人,0,0,1.99,210
贪心的曾小晚,6.2,360,1.99,10060
单身狗是怎样炼成的,0,0,1.99,330
静香,0,0,1.99,402
单身日记,0,0,1.99,364
淡爱,8.2,235,1.99,3520
孙晴晴的独立人生,0,0,1.99,489
我和徐先生的十年友谊,0,0,0,15
我们错过的年华,0,0,0,6
长成,5.4,325,1.99,6341
成长,7.0,73,1.99,2981
重回普林镇,0,0,0,33
夜夜夜夜,7.6,724,1.99,41079
以卵击石,6.2,89,1.99,3794
潋滟香,0,0,1.99,437
请像正常人一样去恋爱,0,0,0,2631
我非英雄,0,0,1.99,368
嫁不嫁是另一回事儿,6.8,158,1.99,5193
前世今生,0,0,0,24
忘年交,0,0,1.99,252
爱情满屋,7.8,741,1.99,51875
穿越千里去上班,7.0,356,1.99,12371
内部竞聘,0,0,1.99,688
野有蔓草,0,0,0,25
重启,0,0,1.99,283
三个女人,0,0,0,7
风起青萍之末,6.2,134,1.99,3869
欲望之城,0,0,0,99
新浮生六记,0,0,0,15
花园街,0,0,0,587
外遇,5.8,24,1.99,2596
金融街里的白骨精,0,0,0,422
鳄鱼的眼泪,7.2,11,1.99,1675
柏拉图协定,0,0,1.99,330
丢失性别的人,6.8,110,1.99,2075
邓雨竹的三天,5.6,127,1.99,2278
追梦人,5.2,76,1.99,1383
红豆,7.6,11,1.99,579
相谈,6.8,58,1.99,1709
意囧,0,0,1.99,318
秋已尽日尤长,6.4,66,1.99,2040
择城,6.4,140,1.99,1890
Summer,0,0,1.99,508
夜会,5.4,283,1.99,6911
风铃,0,0,1.99,475
似是阿修罗,6.8,132,1.99,2467
小银行,7.6,604,1.99,29689
原地沸腾,8.2,97,1.99,4037
银行柜员,6.8,340,1.99,12637
一只家猫的三次转身,0,0,1.99,279
三十岁的女人,0,0,1.99,394
平凡之路,6.8,345,1.99,6057
海阔天空 III,9.0,64,1.99,5386
那一年,7.0,74,1.99,2499
单身小姐,7.2,140,1.99,3415
我是一个事业编的90后,5.2,287,1.99,10551
夏始春余都等着你,0,0,1.99,221
孙悟空！你哪里走？,0,0,1.99,240
茶子木十,8.0,1081,1.99,25485
乌鸦飞过格桑花,6.8,272,1.99,6608
进入单身,0,0,1.99,839
串儿,0,0,1.99,231
有时晚风凉,7.6,319,1.99,8208
One Art,7.8,13,1.99,427
流水线上苦涩的青春,4.6,258,1.99,5362
林荫之道,0,0,1.99,113
三十岁的夜晚,6.6,342,1.99,12916
卡罗尔,0,0,1.99,162
对不起，先生，我吃素,5.2,197,0.88,0.88,4207
不再回首,6.4,70,1.99,2817
信使,6.8,256,1.99,4523
流转的，不停的，清晰的,6.6,362,1.99,13277
绿谷,8.0,13,2.99,1538
不沉默年代,7.6,162,1.99,8023
黄小姐的单身游戏,0,0,1.99,186
彭博之约,6.2,287,1.99,5455
金台夕又照,7.2,469,1.99,47285
职海轻舟,6.2,95,1.99,2447
职心术,5.0,129,1.99,2613
玉城,0,0,1.99,253
美好的 遇见,0,0,1.99,223
乌鸦飞过格桑花,6.8,272,1.99,6608
今时今日陈年旧事,7.0,291,1.99,6730
涉江采芙蓉,0,0,1.99,747
不典型辞职,6.2,277,1.99,5786
致爱丽丝,6.8,284,1.99,8345
进入单身,0,0,1.99,839
对他说,7.4,47,0.99,2152
海边的402,6.2,218,1.99,5775
黑白颠倒,7.8,79,1.99,3681
绿谷,8.0,13,2.99,1538
橙色气球,6.0,254,1.99,4292
女同事和摄影师,8.2,11,0.99,682
有时晚风凉,7.6,319,1.99,8208
从山顶张望,7.4,59,1.99,1119
爱之将死,0,0,0,617
你睡了，我醒了,8.4,358,1.99,51336
跟我一起，吃汤泡饭吧,6.8,153,1.99,3239
二十五岁的前半年,0,0,1.99,291
独家新闻,7.2,287,1.99,17968
空气凤梨,0,0,1.99,85
嗑瓜子的女人,7.4,11,0.99,958
花尸,7.6,22,1.99,667
我的四大生涯,7.2,669,1.99,38306
25，30，35,0,0,1.99,323
左右,0,0,1.99,235
25,0,0,1.99,291
青柠,7.2,12,1.99,694
大牛,7.0,450,1.99,12792
中女的丧与勇,0,0,1.99,253
单身的人是可耻的,6.8,65,1.99,1602
七年之痒,0,0,1.99,356
女人的抉择,4.6,278,1.99,5206
为什么我们不结婚,0,0,1.99,634
无法抚慰,0,0,1.99,165
我是莫魔头,0,0,1.99,692
或许一个人,0,0,1.99,547
魅惑,4.8,65,1.99,1444
陈列之路,0,0,1.00,1.00,270
夏末 ，32℃,0,0,1.99,316
红裙,7.6,16,1.99,737
四季芳菲,7.0,16,1.99,545
外面的世界,0,0,0.99,382
西南的雨丝,0,0,1.99,536
纪念日,8.4,84,10.00,6130
牵你走过独木桥,6.8,48,1.99,1151
摇篮,6.2,269,1.99,7610
龙舌兰日出,0,0,1.99,185
远宸,0,0,1.99,174
敏女的心事,0,0,1.99,92
我不是狗仔,0,0,1.99,488
面纱,0,0,1.99,1067
单行向北,0,0,1.99,295
粉饰太平,7.0,299,1.99,6833
心语,0,0,1.99,320
坐柜,6.8,320,1.99,7771
告别,7.2,27,1.99,3501
往事难忘,5.6,376,1.99,36795
爱与白日梦,7.6,118,1.99,8827
龙船花,7.6,16,1.99,566
水袖,0,0,1.99,1265
大女人联盟,6.8,120,1.99,3467
青春的画卷,6.6,140,1.99,3493
落雪夏成殇,0,0,1.99,246
凌晨之夜,6.2,52,1.99,975
结婚,7.0,131,1.99,2684
电视恋人,6.8,311,1.99,6833
海星,0,0,0.99,578
小范,6.4,75,1.99,1938
出走的猫,7.0,145,1.99,2328
你的努力终有回报,7.6,14,1.99,941
三流女教师,0,0,1.99,456
我叫庄如锦,7.2,77,0.00,3203
剩女的桃花期,0,0,1.99,287
情迷博弈,7.8,13,0,6581
再见，大小姐,0,0,1.99,434
不爱的第四个句号,0,0,1.99,611
她的荒诞史,0,0,1.99,209
幽落,0,0,0,76
半局棋,0,0,1.99,343
指随心动,7.6,80,1.99,1948
祝融,0,0,1.99,144
航行,0,0,1.99,170
保险代理员之死,7.4,69,1.99,2190
Single六人夜谈,0,0,1.99,109
双失记,0,0,1.99,349
米妮，向前冲！,7.4,609,1.99,75273
青雨清秋,0,0,1.99,66
走钢丝的女人,7.2,270,0,7344
我的爱是一场大雪落在你心上,0,0,1.99,546
婚姻之殇,0,0,1.99,762
分手后的那一年,0,0,1.99,740
荷尔蒙定律,6.6,60,1.99,1671
她的国,0,0,1.99,645
我的奋斗（Ⅰ）：农村女孩艾一的作家梦,0,0,0,868
夏天的春天,0,0,1.99,178
与枕俱醒,0,0,1.99,273
告别,7.2,142,1.99,2862
布宜诺斯艾利斯之春,0,0,1.99,254
渣男启示录,0,0,0,24
別了知了,0,0,1.99,177
张桃桃的短篇小说们,0,0,0,44
想你的旧名字,0,0,0,22
风采争艳,0,0,1.99,172
晚安书店,0,0,0,41
白色墙壁深爱的花痕,0,0,0,9
绝对孤独,0,0,0,90
大胆说爱我,0,0,0,864
恨嫁林粒,0,0,0,336
迷路的夏天,0,0,1.99,408
如风,0,0,0,274
谁人识君心,0,0,0,268
明尼苏达的秋冬春夏,6.8,59,1.99,1915
从咖啡馆到冰淇淋店,0,0,1.99,190
两棵树,6.4,64,1.99,1736
社会期待的枷锁,0,0,1.99,332
余安,0,0,1.99,181
为爱情单身,0,0,1.99,440
我在故宫隔壁上班,6.4,522,1.99,25163
雨季,5.8,267,1.99,4054
我想我们该说点什么,0,0,0,28
出口,0,0,1.99,342
奋不顾身,0,0,0,3269
致A君,0,0,1.99,156
破蛹,0,0,1.99,119
上海女人,0,0,0,54
雷峰塔,0,0,1.99,45
五胡明月,0,0,0,23
她总在恋爱时写作,0,0,0,24
兄妹养成记,0,0,0,58
斑马线,7.2,14,0,2940
步步为营,5.6,264,1.99,4461
宝妈归来,7.4,321,1.99,13247
一个人是一座岛,6.8,341,1.99,16502
神奇的云鱼国,0,0,0,60
比林英雄传-安琪儿传,0,0,0,112
天赋的梦,6.8,16,0.99,514
恋爱这件小事儿,0,0,0,19
和你不一样的你,0,0,0,153
我独自生活的朋友们,0,0,0,516
青衣与花旦,0,0,1.99,119
别韵别离,0,0,0,43
现在从你开始,0,0,0,32
南湘的IVF计划,0,0,0,14
后心经,0,0,0,9
少女的剑,0,0,0,199
迷失在胡同里,7.8,13,1.99,1544
星光灿烂月儿静,4.4,131,1.99,1971
灰姑娘的水晶鞋,6.2,280,1.99,8422
他和我的故事,0,0,0,66
当我们谈不安全感时，我们谈论什么,0,0,0,101
天乩之白蛇传说改编一宿命,0,0,0,13
我的小概率事件,0,0,0,25
一个人的爱情,0,0,0,9483
你们是谁,0,0,0,112
奔跑吧！苏苏,0,0,0,146
向日葵,7.0,61,1.99,1243
隐婚无罪,0,0,0,4336
鲸鲨,7.0,240,1.99,7556
刚好遇见你,0,0,0,40
邢好好注定孤独的生活,0,0,1.99,260
一个东京女孩在上海,8.8,33,2.99,7658
Ladies,0,0,0,211
白山雪满,6.8,76,1.99,1360
庙小妖风大,6.8,114,1.99,3612
恋爱税,7.4,167,1.99,3062
你本不必平庸,7.6,493,1.99,22203
毕业十年,6.8,64,1.99,1980
朴文的河流,6.6,64,1.99,1646
身心已过万重山,0,0,1.99,229
我不是流氓,0,0,1.99,376
再见了，斯德哥尔摩先生,0,0,1.99,126
那年，我初涉江湖,0,0,1.99,488
面具,0,0,0,11
女人依梅,7.6,162,1.99,4042
漩涡,0,0,0,15
我的名字叫红,0,0,0,47
从早到晚,7.2,99,1.99,3234
逸弈者,5.4,199,1.99,3313
麻辣老师的麻辣情,7.6,19,1.99,977
相逢是首歌,0,0,0,278
或重于其他山,6.2,31,1.99,1576
当你走进我的小宇宙,0,0,1.99,133
她们活在21世纪,5.0,126,1.99,1529
独行星,0,0,1.99,171
关于约炮那点事：小猫和羊,0,0,0,179
一路走来,7.8,24,0,3637
不完全追星battle,0,0,0,19
第十一个火星人,0,0,0,55
现世挣扎,0,0,0,75
心镜,0,0,1.99,234
千帆阅近 见此邂逅,0,0,0,133
我们的少女时代,0,0,0,2931
总想搞个大新闻,6.6,281,1.99,4073
一场和利己主义者的战争,7.4,29,1.99,1147
城市忧伤笔录,0,0,0,11
偏爱,0,0,0.99,139
人生的108场会议,6.8,160,1.99,4637
富一代,5.4,127,0,13628
一个没志气的电台女主播,7.6,702,1.99,40216
爱在边缘,0,0,0,45
不谈感情,0,0,0,44
嚣伯和云藩,0,0,0,37
Done,0,0,0,107
鸡柳下船前的六天,0,0,1.99,370
archiPM测试4,0,0,0,0
春山青,0,0,0,9
卷发大魔王,0,0,0,1472
荒野来的女人,0,0,1.99,708
明珠,0,0,1.99,27
裸婚十年,0,0,0,364
逃离,0,0,1.99,839
我在昨天等着你,0,0,0,16
左岸生活,0,0,0,74
减分制,6.0,49,1.99,1393
蓝色羊毛衣,0,0,1.99,226
风起了,5.4,82,1.99,1834
单身时代,7.6,16,1.99,557
电商女王,0,0,0,71
明天,5.4,78,1.99,966
爱吧，大不了死掉,0,0,0,69
假寐,5.8,68,1.99,1806
不要质疑我对你的爱,0,0,0,21
冥想盆里的那颗星,6.6,56,1.99,1571
天敌,6.8,326,1.99,9915
过客,0,0,0,128
异性·同居人,0,0,0,6
她们,0,0,1.99,132
梦想城市,4.2,73,1.99,790
双色女博士,6.6,69,1.99,2157
这一无是处的爱情,0,0,1.99,744
《曾与你那么近》,0,0,0,9
一天,6.6,384,1.99,6620
年龄，你能把我怎么样？,0,0,0,235
空白的岔路口,0,0,0,19
追气球的女人,7.6,164,1.99,4332
沼泽里的人,0,0,1.99,567
她们,0,0,1.99,132
冥想盆里的那颗星,6.6,56,1.99,1571
一天,6.6,384,1.99,6620
梦想城市,4.2,73,1.99,790
双色女博士,6.6,69,1.99,2157
25岁，没有遇见爱情,0,0,0,222
陆离斑驳,0,0,0,107
天敌,6.8,326,1.99,9915
好梦难圆,0,0,0,84
这一无是处的爱情,0,0,1.99,744
女神与女妖,0,0,0,12
年龄，你能把我怎么样？,0,0,0,235
燥 动 的 金 子 城,0,0,0,10
追气球的女人,7.6,164,1.99,4332
沼泽里的人,0,0,1.99,567
寂寞如初,7.2,61,1.99,1719
一个死去的年轻人让我问了一直想问的问题,0,0,0,30
女作家和她的女儿,0,0,1.99,384
火花,6.8,323,1.99,9808
茧,0,0,0,46
一个人的博弈,0,0,1.99,474
山鬼之爱,0,0,0,44
山寨之王,8.6,23,5.99,2861
女神请闭眼,6.0,328,1.99,5997
我在18楼的房间边吃炸鸡边想你,0,0,0,10
生性凉薄,6.0,81,1.99,1841
上海幸运儿,0,0,0,1600
蚂蚁,0,0,1.99,271
此意经年不作别,6.8,264,1.99,19174
路过万水千山,0,0,1.99,242
味,0,0,1.99,415
茕茕惜缘,7.2,16,1.99,478
海上记事,5.8,229,1.99,3920
全世界冲过来的公共汽车,0,0,0.99,676
爱在升职ing,5.4,67,1.99,1465
单身婚姻,0,0,1.99,563
小城女工,8.2,686,1.99,40749
红与江月,0,0,0,43
山间的Ballerina,6.2,42,1.99,620
不嫁,0,0,1.99,241
程曼,0,0,0,6
斯德哥尔摩的情人,0,0,0,13
青鸟,7.4,55,1.99,1521
玫瑰只盛开一次,0,0,1.99,1360
我的闺蜜李婉儿,0,0,1.99,660
在漫长夏日的尽头,0,0,0,16
逝去的清晨,0,0,0,37
飘儿,0,0,1.99,168
长公主成长史,7.6,12,1.99,405
情非得已,0,0,0,8
我是你的小尾巴,0,0,0,7
渡过远山,0,0,1.99,299
聚光灯外,7.2,334,1.99,18543
槐宿,6.2,74,1.99,970
不曾被辜负的遗忘,0,0,0,38
你的白天和黑夜,6.8,374,1.99,13642
失控的女神,6.8,69,1.99,1258
活到三十岁,0,0,1.99,655
高校教师,6.4,88,1.99,2163
恁时相见早留心,0,0,0,313
生死,0,0,0,32
魔都的奢侈之路,0,0,0,145
间隔年,0,0,4.99,3913
编剧也疯狂,5.2,115,1.99,3566
浪漫的食谱,0,0,0,207
爱情暴食症,0,0,0,406
梦醒时分,0,0,1.99,234
像她那样的女孩儿,0,0,0,3461
向日葵之死,0,0,0,3
是谁偷走我的温柔,0,0,1.99,1575
储若,5.8,314,1.99,4813
极至嫣然,4.8,256,1.99,7102
我的一段写作经历,0,0,1.99,775
爱无止境,0,0,0,10143
谁还留在晚霞外,6.2,67,1.99,1480
在时间的长河里，刻舟求剑,0,0,0,214
中南商学院,6.4,155,1.99,3422
早餐只吃面条的女生,0,0,0,44
舞蹈教室,7.4,14,0,7109
春归何处,8.2,71,1.99,2465
深宅大院,0,0,0,14
一个,0,0,0,2
跳蚤街女孩,0,0,0,25
寻觅,7.8,365,1.99,12789
春浊,0,0,0,101
女员工的覆命失败之旅,0,0,1.99,584
悯花,0,0,1.99,156
有人会爱，有人则不,0,0,0,49
八美图,6.6,51,1.99,1426
郑太太的罗曼蒂克,8.6,34,1.99,4488
一个女人的爱情浮世绘,0,0,0,1048
独身公害,8.0,17,1.99,880
蓬门迭户 只为君开,0,0,0,458
口红,0,0,0,614
等待那个最好的他,7.4,23,1.99,638
卑劣手段,7.8,132,1.99,3014
爱须走过黑夜,0,0,4.99,139
美错,6.2,148,1.99,3476
费尔维尔,0,0,1.99,241
冬天的红杉树,6.6,107,1.99,5932
千面女上司,7.0,27,1.99,675
无妄,5.8,249,1.99,7971
懒慢记,0,0,0,32
