TED上的设计,7.6,12,0,8770
梦幻糖,8.6,44,0.99,3530
冬泳记 | 第1话,8.8,167,0.99,7655
如何画奇怪的东西,7.6,13,0,8984
设计备忘录,6.6,51,3.99,8306
橄榄核微雕作品创作实例教程,0,0,0.00,178
设计让人齿骨生香,7.8,16,0,1801
9132594252421540140912509512000762637
苏鲁支语录,7.8,11,1.99,999
漫谈建筑史,8.2,47,0,73248
“懂”设计,8.2,101,0,16270
无建筑 不生活,7.8,39,0,8677
Sincer’s Butterfly,6.6,19,1.99,1371
给科技青年的文艺书 Vol.1,0,0,1.99,636
漫谈建筑史,8.2,18,0,2056
旅行手绘小课堂,9.2,123,0,33156
设计师的自我修养,8.6,68,0,146049
再也写不出的书,0,0,0,2
9.0,82,4.99,92836607637614141057659892741
视觉：知觉&直觉,0,0,0,9021
