神游曲（修订版）,8.2,12,0.00,6002
西域古事记,0,0,0.00,671
九秋午后,8.6,165,0.99,17819
远绝,9.2,98,0.00,12387
装人鱼的透明袋子,7.8,20,1.99,5211
俱乐部故事,8.6,81,0.00,14059
失常,8.0,70,1.99,7823
不小心在餐厅吞下了一朵云之后,7.6,15,2.99,3090
银河铁道之夜,8.6,247,1.99,20721
魔法器材店,8.8,207,0,19400
归墟,8.6,581,0,20784
世界边境，消失之河,0,0,0.00,667
白影夜行,9.2,111,0.00,36179
脑王争霸赛,0,0,1.99,1637
神怪故事集,6.8,1069,0,27774
不过神仙和没事妖怪,8.8,372,0,425060
宇宙生存指南,8.0,28,0.99,2300
日本神话全录（修订版）,7.8,149,0.99,18442
反西游记,8.0,399,6.99,83748
调色盘,0,0,0.00,408
太阳,0,0,0.00,165
中亚故事集,9.0,40,3.99,6577
街泳,7.2,99,1.99,4140
百万年僵尸,8.8,121,3.99,8771
西游前传,7.6,117,4.99,89652
雨月物语（全译本）,8.6,43,2.99,9639
游女抄,8.6,15,0.00,1976
流萤·求药,9.6,45,0.99,0.99,4101
天池水怪之谜,7.0,16,1.99,4647
撒尔安达残卷,8.6,33,1.99,2835
血树,0,0,0.00,507
紫霞仙子,9.2,31,0.00,6522
嫁金蚕,8.6,218,1.99,25627
野天鹅,9.6,58,0,556871
后山怪物,8.0,71,1.99,11579
绮谭录,0,0,0,54
奇肱国,7.8,85,1.99,7729
暗夜行,7.6,29,1.99,1518
武汉巫婆,7.6,244,1.99,28242
江湖,7.6,154,1.99,10301
超能力商店,9.2,83,0,38993
蛆虫之王,8.2,51,1.99,3071
平凡生活中的奇异事件,6.6,46,0,17761
黑色脑力波,8.4,103,1.99,8747
七次回眸,8.8,59,1.99,8186
兵狼挽歌,9.2,33,1.99,1831
杀死天使的第三种方法,7.0,128,1.99,4764
猎河童记,8.0,273,1.99,15436
都市人形兽·绘传-四个连作短篇,6.8,27,1.99,2954
末日动物园,7.8,166,1.99,10068
仿佛若有光,8.2,21,0.00,2027
遗嘱执行人,8.2,140,1.99,7380
猫饭奇妙物语,9.2,252,0,633265
疾女册,9.0,984,0,44871
琵琶行,9.4,84,0,18262
登月记,7.6,12,1.99,1155
七娃,7.4,179,0,8171
无聊实验,7.0,49,0.00,5199
天海,7.6,37,1.99,4839
碳,7.4,97,1.99,20309
没有节操集,9.2,52,2.99,6602
东柯僧院的春天,8.0,217,0,3908
O——消失的拥有者,7.8,39,0.00,1415
繁花集,9.0,22,0,2213
丹青怪谈,0,0,0.00,424
梦记,8.6,39,0.00,2059
魂兮归来,8.8,84,1.99,9528
鸟人,8.6,18,1.99,1537
翠狐,8.6,1624,1.99,112800
一群斑马跑过了杏花桥,7.2,44,0.00,1071
植物人,8.6,24,1.99,2580
冰,0,0,0,103
纵火者,6.8,98,1.99,8404
九州·阮郎归,7.4,26,0.99,1656
日本妖怪奇谈,0,0,0,760
猫,0,0,0.00,1162
过去只有黑伞,8.8,35,0,2693
火雷原上，羽烈昭武,6.2,21,1.99,2104
我和我的独角兽,7.0,13,1.99,850
海潮三十年·双瞳,0,0,1.99,817
往生诀,8.2,13,0,206938
猫饭奇妙物语 2,9.2,191,0,146460
影子游戏,7.8,69,1.99,1558
记梦学会,0,0,0.00,767
食忆妖,8.2,18,1.99,1288
游日本记,7.4,33,1.99,3000
另一个世界,7.6,22,1.99,1.99,5964
放逐之眼,0,0,1.99,454
遛噢噢,7.6,55,0.99,1936
捉梦,8.0,73,1.99,3855
归墟,8.6,89,0,245399
欢乐故事集（第一卷）,7.0,13,1.99,2292
8.6,22,435027073078253710058321017
君子归梦,0,0,0,5
北风不胡南风胡,8.2,74,1.99,3655
七桥会,8.8,31,1.99,4223
去往永生之河的旅人们,9.4,44,1.99,2917
陇西行,7.8,25,1.99,2519
梁甫吟,6.6,45,0.00,5813
约拿与僵尸,8.2,111,1.99,13394
灵戒故事·一,0,0,0.00,1013
金城生事代办科,6.8,78,0.00,1520
会仙记,7.8,13,4.99,1652
男朋友典当行,7.0,107,1.99,10187
写一百个故事就可以不孤独地长大,9.4,64,0,1221976
月落半山行,8.4,36,0.00,15035
隔离寝室与放肆少女,7.2,52,1.99,11911
车缝线之神,6.6,116,1.99,3398
你也总是在场,6.2,24,0.00,2418
幸运之神的日常,7.4,42,1.99,3492
词穷游戏美术部,7.8,82,1.99,4616
无端儿,7.6,434,0,8668
妖都故事集,7.2,21,1.99,2180
斗而廊,0,0,1.99,516
英国童话,0,0,6.00,1686
骑桶人,0,0,1.99,487
不存在的女儿,8.2,43,0.99,1839
日本公版小说翻译专栏,0,0,0,38
概率便笺,7.2,109,1.99,2858
透明人,7.0,16,1.99,751
蝴蝶梦,0,0,1.99,792
汾阳世家,0,0,1.99,496
无尾狐,0,0,0,95
小故事,8.2,86,1.99,4295
成都魍事,8.0,72,1.99,5913
君猫的四个夏天,9.4,46,2.99,4054
怪谈,7.2,55,0.99,4371
《情之所钟，魂之所系》,0,0,0,86
一只陌生老鼠的来信,8.0,309,1.99,20520
梦行者之书,0,0,0,56
大荒A,8.0,27,0.99,1342
扭腰扭腰,0,0,0.00,136
六界狂歌行,0,0,0,8284
神灵茶馆之宅神,0,0,0.00,281
恶作剧尸体,0,0,1.99,1205
一中攻防战,8.4,41,5.99,5246
漂浮在空中的兰若,6.6,12,1.99,1265
黑色残响SchwarzeEcho,0,0,4.99,2768
法国古童话,7.2,21,2.99,4673
八月槎,0,0,1.99,248
面人,8.0,13,0,6162
后街侠客行,6.6,84,0.49,0.49,1881
烟花救赎下的影子信仰,8.0,15,2.99,1202
糖果城堡,0,0,1.99,837
砂国（上）,0,0,2.99,525
返祖俱乐部,7.2,115,1.99,2346
开膛手与小红帽,0,0,1.99,920
异色之朝,8.6,28,1.99,3547
艾迪亚——黑凤,6.8,332,4.99,6615
双髻,7.8,175,0,4326
我们这一生,9.2,132,4.99,31221
哎呀婆婆儿童故事集,0,0,1.99,2661
我需要睡前小故事,8.2,38,1.99,6187
异常生物报告,0,0,0.99,421
树之国,0,0,1.99,1759
伽马战争,6.6,11,0.00,1572
鹤鸣九皋,7.0,16,1.99,2251
藏剑者,8.6,40,0,46176
神游曲上部：神魔乱世,0,0,4.99,3328
睡前故事集,7.2,159,0,17358
地狱无门,0,0,0.09,0.09,695
悭勃尔鬼魂与旧世界奇观,8.0,25,1.99,1200
我们的冒险,0,0,0.99,589
代村的云,8.8,68,1.99,3011
故事集Ⅰ,0,0,1.99,1532
爱丽丝漫游西游记,7.6,29,1.99,2874
大鹏，大鹏,7.2,15,0,600
时之酒肆,5.4,50,1.99,880
猫,0,0,0.00,834
猫咪咪小姐,0,0,1.99,776
没有性意识的男孩,7.2,18,1.99,1313
迷狐船记,7.8,26,1.99,1979
自杀和杀人,6.8,40,0.99,2078
听微录,8.8,57,1.99,4153
蠹钵集,0,0,4.99,260
但愿人长久,8.4,35,1.99,1999
少年控制论,0,0,1.99,952
亭中飞龙,6.8,121,1.99,2770
捕鱼人,6.6,13,1.99,1142
灵蝶,7.2,15,1.99,1403
魔言师卡尔乔和伊德鲁三杰,8.4,36,1.99,1341
如果你有一百万元,0,0,0,8
九州·凛冰王朝,8.0,13,0,38739
通往阴间的公路,0,0,1.99,291
旧日时光,7.0,11,0.99,913
A大学生自杀日记,0,0,0,42
七七•四十九,8.4,198,1.99,8228
几何世界,7.0,14,1.99,994
眼魔,8.4,30,1.99,1228
风沙莽莽（1）,0,0,0,289
九州·逑繇,7.2,34,1.99,1470
九州·阿诺,7.8,36,0,1909
八月风灯,8.4,65,4.04,7857
我来自一千年前,0,0,2.99,581
胡子姑娘,7.2,24,1.99,1315
痒2,7.2,45,0,3385
魔法存储店,7.6,311,0,7410
好龙,0,0,0,2
被神祝福的夜晚,7.6,11,1.98,1.98,505
我就喜欢做奶酪,9.4,86,1.99,9538
奇怪杂货店,8.6,83,0,14049
中国睡前故事研究,0,0,0,3
孙葫芦王瓢,7.4,11,0,1009
未生季,9.6,51,0,97443
现代都市之1001夜 第一季,0,0,0,2
秉烛记,7.4,39,0.99,2381
豫章异事,0,0,0,277
眼保健操,0,0,0,23170
怪奇人间乐园,0,0,0,1
太阳神鸟飞走了,7.8,59,1.99,1589
奥林匹斯的陷落,0,0,1.99,418
狐妻,0,0,3.99,221
斗破苍穹番外篇,0,0,0,11612
荆棘旅馆,0,0,1.99,225
十二月,0,0,2.99,283
囧神浪子,0,0,0,11
我要拆CP,0,0,0,227
喻之册·想法的修行,0,0,1.99,259
猫头鹰·男孩,0,0,0,2605
软甜萌贱童话集,9.6,44,0,114163
岛,7.6,20,0.99,886
有个故事，让我不好好说给你听,8.2,131,1.99,9749
不归,7.0,13,0.00,2892
秘密咖啡馆,9.0,37,0,28758
蛇的生存环境,0,0,1.99,238
达埔秘境，瘟疫之源,0,0,0,51
鱼丽·三生万物,9.2,38,1.99,5298
妖怪研究生,7.0,11,1.99,987
向北向北向北,8.4,26,1.99,1867
涂船长和他的水手们,0,0,0,476
火种之森,0,0,0.00,248
伪装患者,0,0,1.99,241
闪闪的长尾,6.4,84,0.00,1545
欢乐故事集（第二卷）,0,0,1.99,634
此梦不醒之前尘,7.2,24,0,3794
头蚊子帝,7.8,23,2.99,2699
方舟,0,0,1.99,695
椋鸟,7.6,44,1.99,1112
开往世界尽头的列车,7.0,188,0,16400
画仙,7.2,36,1.99,2641
危险的人,7.0,20,1.99,3271
卡拉是只猫,6.8,14,1.99,874
深夜玩具店,5.0,41,1.99,691
落雪传,0,0,3.99,388
洪十七,7.6,44,1.99,1224
老玩童的墓志铭,8.0,23,1.99,862
一个人的奇谭,0,0,0.09,0.09,141
快乐王子（特别版）,0,0,1.99,854
喂！布将,0,0,1.99,220
常人院,0,0,1.99,257
影子传说,6.2,60,1.99,1192
西瓜人,7.8,165,1.99,4610
海内奇闻录,0,0,0,905
骷髅冠,0,0,0.00,641
青狐,7.4,28,1.99,2044
白卯传,7.6,21,1.99,914
黑夜天堂：广州童话,0,0,1.99,450
黑暗图书馆,7.8,237,0,12544
瀚州闻略,0,0,0,230
人间折子戏,8.0,13,0,23284
蝴蝶,0,0,1.99,369
濠上忆旧,9.0,28,5.00,4410
菲利妹妹,0,0,1.99,687
被愚弄的人,0,0,0.99,144
寒铁记,0,0,1.99,184
子·衿,0,0,0,39
回忆当铺,0,0,1.99,401
春之牙,8.0,290,0,8779
九州·木叶记,0,0,2.99,731
大荒B,7.6,28,0.99,714
雨林旧事（第一辑）,0,0,2.99,1012
4.99,82494363393737373439
抄袭作品选,5.8,75,0,5382
九州·八月槎,8.6,15,0.99,1045
性性之战,0,0,1.99,79
海莉梅森的奇幻历程—觉醒,0,0,0,8418
神游曲中部：大闹天宫,0,0,4.99,1415
三个世界,0,0,1.99,637
动物月历,7.4,26,0.99,1659
东京沉没,7.2,29,1.99,1680
迷你人,8.0,23,1.99,348
雪国,7.2,15,4.99,2327
农村养龙指南,7.6,217,1.99,14042
挂在椅子上的人,0,0,0.99,401
遗梦集,0,0,1.99,292
鱼,0,0,1.99,278
翳鸟,0,0,1.99,490
尽离欢,7.2,87,1.99,8970
罗德巴特,0,0,1.99,228
奇幻之城,7.2,15,1.99,322
人类园,0,0,0.99,645
瑞塔和鲁比的故事,0,0,1.99,346
城隍事变,0,0,1.99,102
另世界,0,0,1.99,469
1945年的母系氏族,0,0,1.99,456
喻之册·盗取眼珠的女人,0,0,1.99,357
狱鬼师,0,0,0,904
超人公社,0,0,1.99,604
所有的胖子都该原地爆炸,0,0,2.99,1970
夸父王,7.8,158,1.99,14047
梦,0,0,1.99,423
羊过的烦恼,0,0,1.99,834
猫的失踪,0,0,0.99,1202
火箭发射架上的女孩,0,0,1.99,212
棠果和瑜,7.6,11,0.99,582
拾荒者与城市,5.8,89,1.99,1341
恐龙的下落,0,0,1.99,57
甲乙丙,0,0,0,75
另一次虚构,5.6,109,1.99,1308
金与铁,0,0,3.99,105
饭饭的睡前故事,0,0,0,3
若华其光,0,0,1.99,416
香江都市异闻录,7.8,66,1.99,2368
九月十二岛,7.2,26,0,14988
执迷,7.4,16,3.99,4987
接盘霞,0,0,0,6
继续砍树,7.0,54,0,1450
契鬼,7.8,24,1.99,744
蔷薇秘境,0,0,0,12
我们是不是在孤独的活,0,0,0,17
日常之物成精以后,9.2,86,0,119312
怪力乱神,0,0,0.99,1430
长翅膀的猫,7.8,17,0,1758
妈妈童话,0,0,0.99,668
蛊娘梅艳,0,0,1.99,1015
出关寻师记,8.6,21,1.99,4360
美术室魍事,6.8,19,1.98,1.98,1113
春雨空来,0,0,1.99,522
圆滚滚的脑洞故事集,0,0,0,270
城市的牧马人,7.0,39,1.99,642
英雄联盟的诞生·一年传奇（下）,0,0,0,778
电话的另一端—M,7.6,12,0,2180
常荑故事,0,0,1.99,584
次纬度的箭,7.8,18,1.99,737
巨机破 - 心镜尘烟,0,0,0,99
卡拉迪亚的光明史诗,7.8,45,0,61221
电话的另一端,7.6,16,0,2468
观星者之轮,0,0,3.99,504
新桃花源记,0,0,0.99,621
妖精山,8.4,67,1.99,3208
千年之约,4.4,43,1.99,799
全职法师,0,0,0,470
29岁的爱情,0,0,0,28
一千零二页,0,0,0,1644
新西游记,0,0,1.99,139
先锋,0,0,1.99,790
剑墟,0,0,0,56
孤独的伤疤,0,0,0,62
星星嵌在海面上,0,0,0,24
答案在暴风城飘荡,0,0,0,651
天之岛-水与动物,7.2,16,0,1650
青城神隐,0,0,0,526
七里山塘 七狸梦回,8.0,25,0,57885
故事集Ⅱ,0,0,1.99,391
平衡法则 法外之人,0,0,0,3
浮生七日,6.6,132,0,5224
波塔尼斯，望洋山,8.4,68,0,5322
奇妙故事贩卖机,8.8,51,0,10875
御剑独尊,0,0,0,33
重剑,0,0,0,17580
成都异事,8.2,23,0,20265
血茚之徒,0,0,0,28
剑灵争霸,0,0,0,82
提灯照山河,0,0,0,1192
狐狸的婚礼,8.6,34,1.99,1968
何须花烬繁,0,0,0,458
我有一座城,0,0,1.99,1979
接梦大师,6.0,43,0,4130
河的第三条岸,6.0,32,1.99,760
妒贤镇,0,0,1.99,172
颐和园路爬行动物词典,0,0,4.99,372
阿岚的期待,7.0,19,0.99,397
长安梦,0,0,1.99,324
铁丝“Biu~”的航海日记,0,0,0.99,82
宿河玉米田,6.4,99,1.99,14353
云端的夜沼,7.8,21,1.99,2592
鸦歌,0,0,2.99,324
山海城,0,0,3.99,1464
中国奇谭,7.8,14,0.99,1766
龙牙印,0,0,1.99,179
觅鬼者,0,0,1.99,108
月亮的另一面,8.8,25,1.99,1398
纵梦者,0,0,1.99,1058
花之寺僧,7.8,367,0,5312
冰霜打湿的眼睛,0,0,2.99,146
走出忘庄,7.2,15,1.99,638
相知犹按剑,7.0,37,1.99,1403
城中幻记,7.4,95,1.99,3815
三界摆渡人,0,0,0,93364
阳光把我的荒凉照耀得更加荒凉,0,0,1.99,174
阿闵塔的选择,7.2,23,1.99,1685
有狐绥绥,7.8,12,1.99,921
难以抗拒,7.4,15,1.99,1742
河都,6.4,35,1.99,1105
枕边书,0,0,0,5723
骨血,7.8,14,0.99,1180
天之懿,0,0,1.99,1.99,719
弗洛依德的梦,0,0,1.99,330
眠魔,0,0,1.99,54
宿河玉米田,6.4,99,1.99,14353
镜中人,0,0,1.99,616
人鱼之歌,0,0,1.99,102
卡卡西同人：追忆似梧年华,0,0,0,71
铁丝“Biu~”的航海日记,0,0,0.99,82
七笑歌,7.2,16,1.99,1527
继续怪谈,0,0,1.99,311
末代潮女,0,0,1.99,275
猫神传说,0,0,0.00,949
钓鱼,0,0,1.99,109
被选中的亭使,6.8,27,1.99,1641
蔷薇猫,7.2,11,2.99,1235
独角仙,0,0,2.99,375
九州·紫竹风铃,7.6,16,0.99,709
雾,0,0,1.99,996
魇鸦破梦录,8.2,14,0.49,0.49,761
白鸟,0,0,1.99,311
如何在菜市场邂逅一块漂亮的五花肉,6.8,271,1.99,9232
朵栾之扉,0,0,1.99,154
米诺陶迷宫,6.8,13,1.99,486
火车开过午夜的五道口,0,0,1.99,672
太空站生存游戏,0,0,1.99,211
猩红仪式典,0,0,1.99,41
逍遥游,0,0,1.99,265
偷逝者在天堂,0,0,1.99,143
名侦探与小红帽,0,0,2.99,330
雁羽,5.2,40,1.99,721
双女赶尸,0,0,1.99,921
黑色边境SchwarzeGrenzilini,0,0,0,66
绿叶小镇,7.0,18,0.99,612
寻找自己头发的女孩,0,0,1.99,874
司夜局,7.2,13,2.99,1967
雾,0,0,1.99,996
奇妙故事会,0,0,1.99,852
黑色童话,7.8,82,1.99,2274
凡尘夜语 · 泣血歌,7.0,132,0,2073
索米星的肉酱面危机,8.0,104,1.99,4146
精灵迦南,0,0,1.99,201
极乐深圳,8.6,60,1.99,6794
神鬼故事,0,0,0,56
时空之轮V,0,0,2.99,109
塔顶上的鸽小姐,8.0,13,3.99,2029
米松船长,0,0,0,826
恐不故事,7.6,38,1.99,3310
神舞者之夜,7.0,86,1.99,2191
非常怕冷的人,7.4,17,1.99,3079
月球计划,8.2,27,1.99,1011
预言报纸,0,0,1.99,121
在空中,8.8,84,1.99,10031
可爱的草寇们,6.0,23,2.99,3743
孩子们的酒神节,0,0,15.00,447
诱杀,8.6,27,1.99,1243
春雨物语（全译本）,7.6,11,2.99,2419
平西王的宝藏,5.6,42,1.99,712
城里来了新乌鸦,0,0,1.99,433
窥,6.6,18,0.99,1190
池塘边，柳树下,0,0,1.99,242
神墟,0,0,2.99,851
幽都寻人,7.4,13,1.99,433
奇卡森林,0,0,1.99,171
青蛙尼古拉三世,0,0,1.99,337
到草原去,0,0,1.99,896
橙眼,7.0,18,2.99,1101
菟丝小姐的甜品屋,0,0,2.99,664
异色之朝（贰）,0,0,1.99,571
语言之灵,5.4,91,1.99,1308
猫的直立行走,0,0,1.99,524
镜中世界,8.0,16,1.99,1109
无名岛,0,0,3.99,267
埕城,5.6,39,1.99,1225
阿克夏庄园的女儿们,7.4,14,2.99,1053
群鼠闹天宫,7.0,13,1.99,1381
欢乐故事集（第三卷）,0,0,1.99,442
不醉·不归,0,0,1.99,174
鼠国,0,0,1.99,80
恶果,0,0,4.99,675
九州·鹰旗北方,7.8,16,1.99,773
炼金人纪事,0,0,1.99,145
困国,0,0,4.99,356
五弦琵琶,0,0,1.99,76
福报,0,0,1.99,260
时空之轮Ⅰ,7.4,25,1.99,440
树叶王国,0,0,1.99,331
脱狱男孩,0,0,0.99,425
西天贸易野史,0,0,1.99,148
定居禁令,0,0,1.99,973
在宇宙中心呼唤猫,0,0,1.99,290
第13次生日,0,0,2.99,567
荒凉幻境,0,0,1.99,150
虎,0,0,1.99,147
崂山道士之三：晴天娃娃,0,0,1.99,710
杀手速成指南,0,0,1.99,2144
仿生域前传,0,0,0.00,184
梦境之城,6.8,41,1.99,1001
弗兰克的森林,0,0,1.99,590
你为什么这么丑？,7.0,18,1.99,3543
莫林,0,0,0.99,113
大地尽头,0,0,18.99,206
奇幻作家的逃亡,7.8,71,1.99,1587
亚布晴沙（二）,0,0,1.99,276
遇见八百呎狐狸公子,0,0,1.99,165
西天,8.6,49,2.99,10506
漫慢人生,0,0,3.99,1563
风来变化,0,0,0.99,191
城市的黄昏,0,0,1.99,20
伤河,0,0,1.99,335
不解释故事集,7.2,53,1.99,3683
不在人间,5.6,28,1.99,365
修道,0,0,0.99,594
大侃国,0,0,3.99,304
虚构之爱四篇,0,0,1.99,203
斯巴达的雨季,0,0,0,21
龙族,0,0,1.99,318
赞法斯战纪,0,0,2.99,818
寻雪,0,0,4.99,389
孤城,0,0,1.99,53
月亮之上,0,0,1.99,168
超自然事务所,7.2,13,1.99,355
王新禧短篇故事精选集,0,0,1.99,368
妖怪镇传说,0,0,1.99,162
摄魂魔瞳,0,0,4.99,4438
十梦,0,0,1.99,325
青龙偃月刀,5.2,63,1.99,1181
无名斋志怪集,0,0,0,1214
武云迷踪,0,0,1.99,171
蜀中收魂使,6.8,415,1.99,3465
仙人与妖精的战争,0,0,1.99,1124
登山家与裂缝,0,0,0.99,222
命丧人类,0,0,1.99,317
如来说,7.6,18,1.99,1022
梦游症,0,0,0,93
狩夜者·契约,7.4,11,1.99,200
孤岛,0,0,0.99,302
黑阳,7.4,28,0.99,465
赌神之约,7.6,17,1.99,899
骑迹之歌,0,0,0,197
油流鬼哭灯,8.2,76,1.99,5348
海兽,8.2,17,1.99,1204
非人类回忆录,8.2,24,1.99,830
野狗盛宴,0,0,1.99,179
古城战事,0,0,1.99,263
雪与毒，或者爱情,0,0,0.99,157
锁龙井,0,0,0,2036
可以吃的部分,0,0,0.99,470
崂山道士之公园笛声,6.6,52,1.99,1551
玄黄,7.4,27,4.99,2805
战争回响,0,0,0.99,228
消失,7.4,48,1.99,314
雪国,0,0,1.99,424
第八扇门,0,0,0.99,86
角,9.0,29,3.99,7823
存在与不存在,0,0,1.99,191
月儿,0,0,1.99,8
凯旋,0,0,0.99,193
童年镇第一季,0,0,4.99,3330
山城假期手账,5.4,36,1.99,606
后羿之子,0,0,1.99,34
纯属娱乐,5.8,33,1.99,556
遥远的土地,0,0,1.99,158
杀白鹿,7.0,39,0.99,1202
决堤,7.4,34,0,3769
虚构往事,7.0,307,0,12750
登州府记,8.4,33,0.99,1249
蚊睫编,6.4,34,0.99,1407
先知,0,0,0.99,115
灵魂住区,6.4,50,1.99,577
与狼共舞,0,0,1.99,157
众星动神·沧海余生,0,0,1.99,177
真境,0,0,3.99,1978
有虫子的房间,0,0,1.99,1592
别怕找回你的心愿！,0,0,1.99,73
怪谈·画皮,0,0,1.99,188
胖头的编年史,7.4,13,1.99,836
古都夜·小狗巴士,0,0,1.99,195
魂梦不离镇,0,0,1.99,235
自由,0,0,1.99,720
从影花之春到靡雨之夏,0,0,1.99,412
山石,0,0,0.99,63
平行时空,0,0,1.99,236
归樵迷影,0,0,2.99,55
凤椅,6.8,40,0.99,2060
黄昏之子,0,0,2.99,357
风与木之歌,0,0,0.99,343
小顽童,0,0,1.99,126
冰下,6.4,85,1.99,1429
驾鹤,0,0,1.99,98
捡豆子的人,0,0,0.99,1244
小圆圆与梦之世界,0,0,0,36
浦岛太郎,0,0,1.99,689
惊梦,0,0,0,288
大术王,0,0,0,18
地下葡萄洲,0,0,4.99,446
异癖畸语,0,0,0,1632
因果之酒馆,0,0,0,12
一部关于城市的幻想,0,0,0,50
唐神经奇遇记,0,0,6.99,1587
伐木士兵克莱德,0,0,0,3
洞次！洞次！脑洞开！,8.0,25,0,42045
浮游之国,0,0,3.99,741
脑残游记,0,0,0,4
嘉儿与英超的奇幻假期,0,0,4.99,391
英雄联盟的诞生·一年传奇（上）,0,0,0,1124
时辰,0,0,1.99,454
万相迷离夜（二）,8.8,57,0,10475
神棍张传道,0,0,1.99,845
蜂声,0,0,0,59
瀚离杂记（一）,0,0,1.99,659
圣光誓约,0,0,0,5
魔幻世界,0,0,0,63
子夜四时歌,0,0,0,28
杀死羿的两个人,0,0,0,415
最后的骑士（上卷）,7.4,19,0,7241
世界无童话,0,0,0.99,522
魔法与权力,0,0,0,16
《无题》,0,0,0,18
西游之前,0,0,0,64
天蓬演义,0,0,0,36
一点都不像话,0,0,0,116
迢水行（暂题名）,0,0,0,68
杖与拂尘,0,0,0,431
小圆圆与梦之世界,0,0,0,36
符笙余梦,0,0,0,1319
惊梦,0,0,0,288
大术王,0,0,0,18
碧落崖,0,0,0,12
已舍弃,0,0,0,23
黑白无常,0,0,1.99,825
弑神启示录,0,0,0,27
动荡世界,0,0,0,71
蜂声,0,0,0,59
Passage :Normal,0,0,0,16
海中岛城,0,0,1.99,65
浮游之国,0,0,3.99,741
A Vocabulary Builder,0,0,0,95
真空洲正传,0,0,0,15
红发少女砍头小传,6.2,38,1.99,620
只能不停行走,0,0,0,39
静无止静,0,0,0,163
因果之酒馆,0,0,0,12
瀚离杂记（一）,0,0,1.99,659
圣光誓约,0,0,0,5
梦回,0,0,0,99
《灯破黑》,0,0,0,29
子夜四时歌,0,0,0,28
魔幻世界,0,0,0,63
虫氓,0,0,0,16
杀死羿的两个人,0,0,0,415
世间奇物之说,0,0,0,49
草木生灵奇幻故事,0,0,0,3877
魔法与权力,0,0,0,16
你必须来看看,0,0,0,18
秽迹金刚,0,0,0,34
迢水行（暂题名）,0,0,0,68
遥远,0,0,0,998
杖与拂尘,0,0,0,431
圣光誓约,0,0,0,5
梦回,0,0,0,99
《灯破黑》,0,0,0,29
子夜四时歌,0,0,0,28
魔幻世界,0,0,0,63
虫氓,0,0,0,16
杀死羿的两个人,0,0,0,415
世间奇物之说,0,0,0,49
草木生灵奇幻故事,0,0,0,3877
魔法与权力,0,0,0,16
你必须来看看,0,0,0,18
预支光阴,0,0,0,1061
9.99,134958544322324232223
玉帝御厨,0,0,0,880
墨海之境,0,0,0,92
最后的骑士（上卷）,7.4,19,0,7241
最后的弗吞罕（下）,0,0,1.99,27
五食记,7.8,151,0.99,17459
咕噜岛屿：吻剑之唇,0,0,0,1407
愚人海港,0,0,0,246
白鹤篇,0,0,0,321
摩登童话,7.6,39,1.99,2579
《无题》,0,0,0,18
逆命,0,0,0,135
枕头上的奇幻事件,0,0,0,18681
世界无童话,0,0,0.99,522
青蛇Ⅰ,0,0,0,4505
千行昼,0,0,0,1947
墨海之境,0,0,0,92
9.99,134958544322324232223
最后的弗吞罕（下）,0,0,1.99,27
270756963616658585759
四色城传奇,0,0,2.99,21
温存,0,0,0.99,220
1.99,2324158913501388129112081156113210851104
五食记,7.8,151,0.99,17459
愚人海港,0,0,0,246
衣钵,8.0,69,1.99,11808
本家格物,0,0,0.99,847
摩登童话,7.6,39,1.99,2579
白鹤篇,0,0,0,321
云梦无痕,0,0,1.99,225
逆命,0,0,0,135
枕头上的奇幻事件,0,0,0,18681
预支光阴,0,0,0,1061
咕噜岛屿：吻剑之唇,0,0,0,1407
千行昼,0,0,0,1947
耳食录,0,0,0,357
少女和契约魔灵,0,0,0,234
你的前世，我的来生,0,0,1.99,657
偏轨,0,0,0,7
今天不想做人了,0,0,0,1893
山海万事屋,0,0,0,15
月光石,0,0,0,227
星之名,0,0,0,20
篇国,0,0,0,248
歌者,0,0,0,144
绝对幻想,0,0,0,64
耳食录,0,0,0,357
白夜光,0,0,0,8
青年童话,0,0,0,215
你的前世，我的来生,0,0,1.99,657
偏轨,0,0,0,7
草稿神话,0,0,0,144
少女和契约魔灵,0,0,0,234
海上千年都,0,0,0,88
今天不想做人了,0,0,0,1893
赤子,0,0,0,150
奇奇怪怪,0,0,0,68
27个男人和15个女人,0,0,0,155
麒麟咒之人鸾恋,0,0,1.99,576
麦望,7.0,21,0.98,0.98,1489
想念阿拉伯海的一片积雨云,0,0,0,148
6789月,0,0,0,173
蓝色极光之月光女神,0,0,0,236
人之好我，示我周行,0,0,0,143
短篇画室,0,0,0,19
时空行者,0,0,0,46
荆棘城,0,0,0,22
换脑记,0,0,1.99,733
凡尘,0,0,0,170
第二旅记之南旅,0,0,0,116
史蒂夫的奇遇,0,0,0,88
黑刃传说,0,0,0,216
炼金,0,0,0,32
空想博物馆,0,0,0,9
《夜凤凰》,0,0,0,115
309260228231251118271211
最后的弗吞罕（上）,0,0,1.99,85
痒,6.4,176,0,7973
丧乐园,0,0,0,881
嘘！有怪人,0,0,1.99,1032
母鸡汉丽埃塔,0,0,1.99,247
继续在豌豆街制作纸月亮的瘸腿箍桶匠,0,0,3.99,365
焚蝶祭,0,0,1.99,63
刺世嫉邪赋,0,0,0,2541
观天,0,0,0,13
时空法则——第二卷,0,0,0,25
一石二鸟,0,0,1.99,87
喃喃自语,0,0,0,21
在爱情之外爱你,0,0,0,123
风之谷的时光之旅巴士和魔法屋,0,0,0,334
2.99,92342724212623192611
掌之纹,7.2,32,1.99,713
艾泽拉斯·永恒之遗,0,0,0,1289
九州怪谈,0,0,0,3792
独夜往事,0,0,1.99,69
黑水泉,6.2,40,1.99,722
寻猎师,0,0,1.99,32
寻樱祭,0,0,0,469
忆城,6.8,49,1.99,872
风景奈何为旧画,0,0,0,1332
天上掉下一只鬼,0,0,0,106
龙王队,7.6,23,1.99,751
如梦令,7.2,14,0,1087
幻海奇航,0,0,0,169
雪窝,0,0,1.99,133
逃出生天,7.8,32,1.99,792
虚拟仓的斗争,0,0,0,21
十月的童话,0,0,0,94
风之谷的时光之旅巴士和魔法屋,0,0,0,334
娑婆盏,0,0,0,21
喃喃自语,0,0,0,21
关于孤独的故事,0,0,0,313
龙妈妈,0,0,0,76
黑水泉,6.2,40,1.99,722
寻猎师,0,0,1.99,32
掌之纹,7.2,32,1.99,713
止战之殇,0,0,0,17
崂山道士之二：暮江梨雪图,7.6,12,1.99,1219
一个老人,0,0,0,32
你熟识的我们,0,0,0,15
天上掉下一只鬼,0,0,0,106
龙王队,7.6,23,1.99,751
忆城,6.8,49,1.99,872
最后的轻语,0,0,0,111
雪窝,0,0,1.99,133
逃出生天,7.8,32,1.99,792
是苏一也是吴娟,0,0,0,13
309260228231251118271211
痒,6.4,176,0,7973
继续在豌豆街制作纸月亮的瘸腿箍桶匠,0,0,3.99,365
焚蝶祭,0,0,1.99,63
行者 ——关于弼马温事件后续的调查报告？,0,0,0,21
刺世嫉邪赋,0,0,0,2541
观天,0,0,0,13
时空法则——第二卷,0,0,0,25
《血色世界》,0,0,0,8
309260228231251118271211
最后的弗吞罕（上）,0,0,1.99,85
痒,6.4,176,0,7973
嘘！有怪人,0,0,1.99,1032
杀和尚回忆录,0,0,0,2862
母鸡汉丽埃塔,0,0,1.99,247
继续在豌豆街制作纸月亮的瘸腿箍桶匠,0,0,3.99,365
焚蝶祭,0,0,1.99,63
刺世嫉邪赋,0,0,0,2541
观天,0,0,0,13
时空之轮Ⅲ,7.0,21,0,2371
时空法则——第二卷,0,0,0,25
一石二鸟,0,0,1.99,87
诸人咒（卷一无心咒）,0,0,0,2207
星河纪Ⅰ：黎明之光,0,0,0,17
天马行空,0,0,0,54
不安的房子,0,0,0,117
灵宠组,0,0,0,52
人偶集,0,0,0,27
旅行者之夏,0,0,0,141
妖精志,0,0,0,15
魔幻灵缘,0,0,0,14
解忧异闻录,0,0,0,9
旧事异闻,0,0,0,110
行者 ——关于弼马温事件后续的调查报告？,0,0,0,21
骗子与劫匪,0,0,1.99,410
幻想故事集,0,0,1.99,191
流星,0,0,1.99,371
来自铁炉堡的旧时光,0,0,1.99,584
观天,0,0,0,13
时空法则——第二卷,0,0,0,25
《血色世界》,0,0,0,8
【宝石之国】被漠视的月光石,0,0,0,654
暗影与曙光,0,0,0,253
风雨潇湘,0,0,0,56
一个有毒的男孩,0,0,0,9
山海异传,0,0,0,91
讲故事的人,0,0,0,190
寻找美味男子,0,0,1.99,386
酗酒厂,0,0,1.99,515
我爱你的三次时间旅行,0,0,1.99,123
永恒之光,0,0,0,41
童话也许可以做些有趣的改编,0,0,0,41
神杖初现,7.2,13,0.00,1255
町疃,0,0,1.99,119
浮生屿,0,0,1.99,59
恶魔的心窝,0,0,0,5
《晋野风云录》,0,0,0,639
素质教育委员会,0,0,1.99,221
半步阴阳,0,0,0,175
死于安,0,0,1.99,70
神的世界,0,0,0,227
懒人可猖狂,0,0,0,129
牧羊少年的故事,0,0,1.99,501
迎疯行走,0,0,0,186
隐猫传,0,0,1.98,1.98,232
梦神记,0,0,0,133
暗影与曙光,0,0,0,253
不存在的岛,0,0,0,656
【宝石之国】被漠视的月光石,0,0,0,654
Kar98少年的飞行之旅,0,0,0,40
白日梦男,0,0,0,89
李扶腰,0,0,0,101
山神君,0,0,0,406
解忧异闻录,0,0,0,19
冬妮娅,0,0,0.99,624
污手怪的故事,0,0,0,19
一败涂地,0,0,0,295
端州记事,0,0,1.99,609
山海异传,0,0,0,91
雷奥诺的旅行日记,0,0,0,67
末日记,0,0,0,131
噬脑虫,0,0,0,17
异世界传说,0,0,0,781
都市怪谈系列,0,0,0,364
人之初,7.4,15,0,549
转身栽在星空里,0,0,0,23
【宝石之国】被漠视的月光石,0,0,0,654
梦境空间观察指南,0,0,0,17
白日梦男,0,0,0,89
Kar98少年的飞行之旅,0,0,0,40
不存在的岛,0,0,0,656
茧,0,0,0,8
梦境空间观察指南,0,0,0,17
天机入怀,0,0,0,95
转身栽在星空里,0,0,0,23
痴妖物语：二十一妖异闻录,0,0,0,108
圆梦师实录（济婆山卷）,0,0,0,536
风雨潇湘,0,0,0,56
斯蒂文的奇幻冒险,0,0,0,20
缺月,0,0,0,14
山海异传,0,0,0,91
天生姻缘,0,0,0,54
雷奥诺的旅行日记,0,0,0,67
何久居,0,0,0,8
一个有毒的男孩,0,0,0,9
神·灵壶之虚,0,0,0,7822
悲歌,0,0,0,3536
港岛梦茶记,9.2,31,0,5018
偏锋魔咒,0,0,0,914
丹朱宋台,7.2,28,0,2196
隔夜茶,0,0,0,3012
亚克拉瑟特大陆上的风,0,0,0,64
大巫姬,0,0,0,310
君不归,7.0,12,1.99,1582
尤之墟,0,0,0,343
理想国,0,0,1.99,136
岔路,0,0,1.99,690
边缘人,7.8,20,0,4177
万里尘,0,0,0,1794
混中城,0,0,0,1183
夕浮·嬴赢传,0,0,0,1087
5.99,14110690180929692
旧词新话,0,0,0,1014
末日图书馆,0,0,1.99,165
木兰葬弓录,0,0,0.99,140
他们说，那里遍地黄金,6.8,46,1.99,498
夏天就要有夏天的样子,0,0,0,43
成仙之前,0,0,0,96
最后一只红鲤,7.4,74,1.99,2463
南柯一梦,0,0,1.99,120
倾灵缘,0,0,0,123
失魂之都,4.0,29,1.99,343
水穷处,6.6,103,1.99,2089
狂若野风,0,0,0,2158
山海诸国考,0,0,0,92
般若世界,0,0,0,151
在异界厮混的日子,0,0,0,374
曲拉鱼见习记,0,0,1.99,42
妈妈的四十九个邻居,0,0,2.99,701
桑木溪,0,0,0,43
妖狐世家 我是九尾狐,0,0,0,539
落花冢,0,0,0,53
世界消亡一小时,0,0,0,139
麦林童话集,7.2,26,1.99,246
囚徒,0,0,0,123
他们说，那里遍地黄金,6.8,46,1.99,498
淡墨随笔小说集,0,0,0,18
风一样的男子与天剑,0,0,0,91
背阳之枝,0,0,0,142
能猫的故事,0,0,0,583
妈妈的四十九个邻居,0,0,2.99,701
水穷处,6.6,103,1.99,2089
成仙之前,0,0,0,96
南柯一梦,0,0,1.99,120
山海诸国考,0,0,0,92
The Horns,0,0,0,47
麦林童话集,7.2,26,1.99,246
小透明,0,0,0,202
妖狐世家 我是九尾狐,0,0,0,539
百鬼夜行之百态,0,0,0,36
世界消亡一小时,0,0,0,139
幻想与记忆,0,0,0,46
《爱丽莎和一棵开花的树》,0,0,0,24
沦回重生,0,0,0,15
囚徒,0,0,0,123
圆梦师实录（济婆山卷）,0,0,0,536
宿命,0,0,0,46
槛外生,0,0,0,35
四叠半妖怪系,0,0,0,26
何久居,0,0,0,8
梦一场,0,0,0,76
前世今生之卷帘大将,0,0,0,117
斯蒂文的奇幻冒险,0,0,0,20
青龙,0,0,0,124
缺月,0,0,0,14
嘘！这里是森峡镇！,0,0,0,29
天生姻缘,0,0,0,54
游鳞化羽,0,0,0,23
永无岛·遇,0,0,0,35
王子、公主和巨龙,0,0,0,4
最后的人神,0,0,0,53
大唐异闻杂谈,0,0,0,59
炮灰书店,0,0,0,48
遥远的彼岸,0,0,1.99,260
不能说的秘密,0,0,0,17
昆仑行,0,0,0,104
丹青引,0,0,0,5330
寻找那达亚,0,0,0,1604
大荒C,6.4,167,0,4455
日下闻樱,7.6,11,0,3653
幽冥虫,0,0,1.99,341
圣域,0,0,0,2643
西游外传妖精学院,0,0,2.99,183
抵宾之虚,0,0,0,305
手持鸡蛋的奔跑者,6.2,81,0,2278
十三月,0,0,0,343
汤,0,0,0,39
众神与炎剑,0,0,0,70
震颤性裂变,0,0,0,81
旅梦人,0,0,0,58
废柴岛屿8611,0,0,0,7
衣果,0,0,0,11
幻影尽头,0,0,0,23
食语：觉醒的红裙女人,0,0,0,51
神灭时代,0,0,0,38
魔炎天尊,0,0,0,426
引魂儿,0,0,0,498
魔人,0,0,0,658
脑死亡,0,0,0,55
神奇动物,0,0,1.99,163
短歌行,0,0,0,65
撷梦人,7.4,24,1.99,1107
2.99,14570485053149394422
《鬼董 夜航船》白话选译,0,0,0,407
雾之城,0,0,1.99,86
沧蓝之阴阳先生,0,0,0,57
进化日记,0,0,0,589
咆哮之血,0,0,0,493
南城烟寺,0,0,0,476
苍梧之城,0,0,0,135
意马忆心猿,0,0,0,1245
长剑的冷彻,0,0,0,489
雨果奇幻历险记,0,0,0,10
5.00,6545413942374231
成为隐形人的日子,6.4,47,1.99,961
景心传,8.2,22,0,217473
黑白弈爱,0,0,0,48
天朝妖记,0,0,0,30
奇特集,0,0,0,266
焚天决,0,0,0,257
无人岛,0,0,0,166
醉无声,0,0,0,25
纪元,0,0,0,466
直到最后的微笑（1）,0,0,0,1186
sdabsbd,0,0,0,29
岛主基洛米的故事罐儿,0,0,0,705
飞吧，安洁娜！,0,0,0,161
伏妖记事簿,0,0,0,388
梦 半 游 记,0,0,0,72
幽冥笑,0,0,0,16
生者的歌谣,0,0,0,150
暴君,0,0,0,1990
轮回劫之武王伐纣的真相,0,0,0,21
金樽客栈,0,0,0,617
清寒谣,0,0,0,21
荒诞故事,0,0,3.99,634
耶梦嘉德,7.4,107,0,38161
玄武之路·黑白巫师,0,0,0,1349
时空法则1,7.4,15,0,1429
我们都有病,0,0,0,317
觉醒日记,0,0,0,36
浮岛世界,0,0,0,11
《再见啦！里昂！》,0,0,0,7
梨园梦,0,0,0,30
追踪复制人,0,0,1.99,661
众神与炎剑,0,0,0,70
震颤性裂变,0,0,0,81
旅梦人,0,0,0,58
耶梦嘉德,7.4,107,0,38161
我们都有病,0,0,0,317
食语：觉醒的红裙女人,0,0,0,51
神灭时代,0,0,0,38
《再见啦！里昂！》,0,0,0,7
方块世界,0,0,0,11
虚实之间——梦蝶,0,0,0,8
衣果,0,0,0,11
废柴岛屿8611,0,0,0,7
幻影尽头,0,0,0,23
魔炎天尊,0,0,0,426
奥菲斯,8.2,48,0,2061
时空之轮IV,7.8,11,1.99,127
北冥有鱼,0,0,0,765
世人之神,7.8,11,0.99,1593
获麟续编,0,0,0,562
珑绣记,7.6,19,1.99,1332
时空之轮 Ⅱ,6.8,23,1.99,164
心脏猎手,0,0,0,1108
把这些故事放进冰箱吧,0,0,0,26247
围城·齐国篇,0,0,1.99,607
当世界开始沉睡,0,0,0,1606
Hunting Game,7.4,16,0,24122
影子的梦里没有黑夜,0,0,1.99,186
神遗,0,0,0,632
给最爱的小妹的信,0,0,0,1298
发生了一些睡着后都能笑醒的事,8.4,198,0,64290
平行世界,7.8,11,0,21229
陆一帝国,0,0,0,19
墨戬传奇,0,0,0,492
你好呀,0,0,0,264
镜花缘——幻想之旅,0,0,0,46
飞面x撒旦文学——《无限异典》,0,0,0,50
那年，他们尚青春,0,0,0,41
外星姐姐冥想日记,0,0,0,1046
传奇,0,0,0,380
猫非猫,0,0,0,13
史诗,0,0,0,142
阴阳师：白昼前梦,0,0,0,50
瑜乔小短篇,0,0,0,32
老白,0,0,0,37
无信号,0,0,0,9
绝地求生,0,0,0,44
行走在夜空,0,0,0,13
净出行,0,0,0,11
北京的妖怪,0,0,0,226
镜,0,0,0,17
故事空空,0,0,0,56
你好呀,0,0,0,264
DAM N MAD,0,0,0,8
镜花缘——幻想之旅,0,0,0,46
飞面x撒旦文学——《无限异典》,0,0,0,50
梦城二三事,6.6,27,1.99,860
瑜乔小短篇,0,0,0,32
临海城市的精灵传说,7.8,55,1.99,1046
冰结界,0,0,0,8
史诗,0,0,0,142
阴阳师：白昼前梦,0,0,0,50
传奇,0,0,0,380
老白,0,0,0,37
猫之翼,0,0,0,171
魔幻兽医：我和狗狗穿越了,0,0,0,296
行走在夜空,0,0,0,13
88颗糖果盒,0,0,0,234
双世缘,0,0,0,74
北京的妖怪,0,0,0,226
镜,0,0,0,17
故事空空,0,0,0,56
白血恩仇录,0,0,0,4
苏京冬方双城记,0,0,0,2531
骆狮,0,0,0,137
玄武之路·锯客,0,0,0,4019
一只疯狂的小蚂蚁,0,0,0,84
陆一帝国,0,0,0,19
墨戬传奇,0,0,0,492
夸父追日,0,0,0,88
飞面x撒旦文学——《无限异典》,0,0,0,50
那年，他们尚青春,0,0,0,41
外星姐姐冥想日记,0,0,0,1046
镜花缘——幻想之旅,0,0,0,46
猫非猫,0,0,0,13
史诗,0,0,0,142
阴阳师：白昼前梦,0,0,0,50
瑜乔小短篇,0,0,0,32
玉落生花,0,0,0,133
无信号,0,0,0,9
绝地求生,0,0,0,44
净出行,0,0,0,11
北京的妖怪,0,0,0,226
玉女奇缘,7.6,18,0,2327
无名之人的信仰,0,0,0,240
故事空空,0,0,0,56
帝圣策,0,0,0,43
借镜寻人记,0,0,0,57
未知玩家,0,0,0,474
巴比伦的崛起,0,0,0,9
晚上总会有故事,0,0,0,12
大梦想家,0,0,0,24
两个世界的房间，两周的病人,0,0,0,11
李叶的穿越人生,0,0,0,193
书店，指南和地狱,0,0,0,16
忘忧草,0,0,0,1035
帝圣策,0,0,0,43
翰墨朝堂与美人娉婷,0,0,0,59
《龙契史》第二卷，西之乱,0,0,0,137
可可西里湖,0,0,0,118
谓我何求,0,0,0,36
若少年天空,0,0,0,254
翰墨朝堂与美人娉婷,0,0,0,59
Book of Telos,0,0,0,10
奇异城市全景,0,0,0,42
隔着空气的爱情,0,0,0,36
小懒猫的故事,0,0,0,45
拯救,0,0,0,3
我的姨奶是个接生婆,0,0,0,245
来自异世界的陪伴,0,0,0,620
一半幸福,0,0,0,174
恶果,0,0,0,314
眷恋你笑,0,0,0,3400
将军的专宠小妾,0,0,0,38
幽楼世影,0,0,0,27
无尽谷,0,0,0,111
灭兽师之传一,0,0,0,250
魔道之七魂之殇,0,0,0,1144
梦话异想录,0,0,0,28
宿世,0,0,0,29
命运,0,0,1.99,294
元宁梦呓,8.2,35,1.99,1276
仙在何方,0,0,0,105
猫星人,0,0,0,37
童话镇,0,0,0,43
幻爱,0,0,0,26
女总的贴心人,0,0,0,1228
天降女神,0,0,0,2040
若少年天空,0,0,0,254
翰墨朝堂与美人娉婷,0,0,0,59
奇异城市全景,0,0,0,42
《龙契史》第二卷，西之乱,0,0,0,137
可可西里湖,0,0,0,118
隔着空气的爱情,0,0,0,36
谓我何求,0,0,0,36
若少年天空,0,0,0,254
翰墨朝堂与美人娉婷,0,0,0,59
Book of Telos,0,0,0,10
奇异城市全景,0,0,0,42
隔着空气的爱情,0,0,0,36
小懒猫的故事,0,0,0,45
拯救,0,0,0,3
将行,0,0,0,17
幻影人生,0,0,0,46
宇宙催眠师 第二章 谁知燕王心,0,0,0,96
恭武纪,0,0,0,7
我和我的恶趣味,0,0,0,1222
可可西里湖,0,0,0,118
《龙契史》第二卷，西之乱,0,0,0,137
世界之里：道连的百年经历,0,0,0,54
谓我何求,0,0,0,36
萧越传,0,0,0,281
若少年天空,0,0,0,254
隔着空气的爱情,0,0,0,36
Book of Telos,0,0,0,10
奇异城市全景,0,0,0,42
捕鱼者说,0,0,0,88
小懒猫的故事,0,0,0,45
拯救,0,0,0,3
穿过梦境,0,0,0,285
那年月下樱花前,0,0,0,56
堕神圣徒：穆萨政变【序幕】,0,0,0,73
三百三十三页,0,0,0,20
永生之殇,0,0,0,45
暗夜录,0,0,0,19
你来人间一趟，你要看看太阳,0,0,0,135
敬告长春花之神,0,0,0,81
F先生,0,0,0,96
sss,0,0,0,57
山海鲸,0,0,0,1993
春风又度玉门关,9.2,40,2.99,4724
魔神传,0,0,0,68
脑洞型爱情研究所,0,0,0,282
妖择,6.8,13,1.99,1006
读心女探第一季,0,0,0,2397
光明记,0,0,0,62
挂在树上的鱼,0,0,0,190
邪临万界,0,0,0,28
稍显平淡的异世界生活,0,0,0,40
胎死腹中的暗恋,0,0,0,15
天鹅之死,0,0,0,170
罗德彼得和狗,0,0,1.99,280
天空中的尤莉娅,0,0,0,193
若翾：往事如风,0,0,0,503
荒唐故事,0,0,1.99,69
京空长歌,0,0,0,164
鬼的故事,7.8,34,1.99,864
一只猫的故事,0,0,0,27
堕神圣徒：穆萨政变【序幕】,0,0,0,73
不知道叫什么名字 请勿订阅,0,0,0,7
莲镜,0,0,0,9
妖劫,0,0,0,530
天亮之前，花开花败,0,0,0,46
圣古拉小城,0,0,0,8
2017县城漫游,0,0,0,9
机器编号系列,0,0,0,29
狐族涂悠悠的狗血爱情故事,0,0,0,88
机械的心,0,0,0,13
半妖,0,0,0,35
王者之谋,0,0,0,33
疯狂种子人2•漂浮的妖怪镇,0,0,0,478
一只猫的故事,0,0,0,27
堕神圣徒：穆萨政变【序幕】,0,0,0,73
不知道叫什么名字 请勿订阅,0,0,0,7
不知道叫什么名字 请勿订阅,0,0,0,7
一只猫的故事,0,0,0,27
浮生梦华,0,0,0,14
Amber Garden,0,0,0,53
剑神降临,0,0,0,276
镜子牢狱,0,0,0,739
烟城,0,0,0,2138
帝辛截,0,0,0,391
爱琴之东,0,0,0,1135
总有石头从山上落下,0,0,0.99,108
张小天捉鬼记,0,0,0,857
缺月歌,0,0,0,529
荼蘼盏,0,0,0,3036
可爱死神的十个任务,0,0,0,921
有人落水,0,0,1.99,66
众星动神·从年少到如今,7.6,30,0,4959
惠岸以北,0,0,0,1348
佛与妖,0,0,1.99,592
不思议见闻集,0,0,0,35440
焚舟 卷一,0,0,0,364
中国金鱼,0,0,1.99,176
天幕谣,0,0,0,1307
小猎犬查理,0,0,0,456
古为今用,0,0,0,1153
毁灭号列车,0,0,0,112
正德曰,0,0,0,448
椰城小龙人,6.4,95,1.99,1585
暮雨,0,0,1.99,399
雨林旧事（第二辑）,0,0,2.99,107
家书,7.6,15,0.99,739
那些从乡下来的猫,0,0,0,388
骑士,0,0,1.99,81
5.00,61522933313327110
犀火图记,0,0,0,200
鲸头鹳在地下一层,0,0,0,180
良玉传,0,0,0,79
大徒探病,0,0,1.99,550
混沌—时间主宰,0,0,0,193
杀手若,0,0,0,275
《龙国英雄传》,0,0,0,436
名单已满！,0,0,0,1527
薛丁谔的猫,0,0,0,521
卸甲归龙,0,0,0,57907
古为今用,0,0,0,1153
毁灭号列车,0,0,0,112
正德曰,0,0,0,448
椰城小龙人,6.4,95,1.99,1585
暮雨,0,0,1.99,399
雨林旧事（第二辑）,0,0,2.99,107
家书,7.6,15,0.99,739
那些从乡下来的猫,0,0,0,388
骑士,0,0,1.99,81
5.00,61522933313327110
犀火图记,0,0,0,200
鲸头鹳在地下一层,0,0,0,180
良玉传,0,0,0,79
大徒探病,0,0,1.99,550
混沌—时间主宰,0,0,0,193
杀手若,0,0,0,275
《龙国英雄传》,0,0,0,436
名单已满！,0,0,0,1527
薛丁谔的猫,0,0,0,521
卸甲归龙,0,0,0,57907
猫儿菊妹妹,0,0,0,156
天仙绝,0,0,0,100
逃亡记,0,0,0,37
安居大陆,0,0,0,75
你的存在,0,0,0,366
死之原,0,0,0,4
奇异记,0,0,0,233
不可思议的夏天,0,0,0,27
猫生物语,0,0,0,62
谬话梦集,0,0,0,28
碧海蓝天保全公司,7.4,14,0,817
能力成長,0,0,0,62
企鹅男爵历险记,0,0,0,218
起源,0,0,1.99,130
猫文,0,0,0,173
和小镇青年有关的一切,0,0,0,12
七彩的河水,0,0,0,83
浮世灯,0,0,0,10
别界,0,0,0,124
哈哈哈哈,0,0,0,33
花 叶 人 下,0,0,0,1871
小时光里的小故事,0,0,0,21
美的故事,0,0,0,176
天真的决定,0,0,1.99,327
长鳞片的猫,0,0,0,32
星玦天渊录·卑微者的坟墓,0,0,0,35
杀死那个取经和尚,0,0,0,303
[虫师同人] 遗落之名,0,0,0,10
辟邪小故事集,0,0,0,33
星海之间,0,0,0,45
猩红,0,0,0,23
鸢尾花的秘密,0,0,0,32
花 叶 人 下,0,0,0,1871
小时光里的小故事,0,0,0,21
美的故事,0,0,0,176
天真的决定,0,0,1.99,327
长鳞片的猫,0,0,0,32
星玦天渊录·卑微者的坟墓,0,0,0,35
杀死那个取经和尚,0,0,0,303
[虫师同人] 遗落之名,0,0,0,10
辟邪小故事集,0,0,0,33
星海之间,0,0,0,45
猩红,0,0,0,23
鸢尾花的秘密,0,0,0,32
《未来的神仙》,0,0,0,689
荒诞故事新编,0,0,0,138
白日神游记,0,0,0,44
随记,0,0,0,4
天衍传,0,0,0,50
第一纪元,0,0,0,37
朝闻道,0,0,0,445
食思兽及其他：怪诞幻想故事集,0,0,0,12
南,0,0,0,30
酩酊客栈,0,0,0,89
无边行,0,0,0,25
开汉神纪,0,0,0,217
蓝鲸,0,0,0,18
逃,0,0,0,59
无限师宠,0,0,0,61
玉女奇缘,7.0,17,4.99,2557
桃花源记前传,0,0,1.99,646
第一纪元,0,0,0,37
朝闻道,0,0,0,445
梦里有乾坤,0,0,0,45
假想自传,0,0,0,87
食思兽及其他：怪诞幻想故事集,0,0,0,12
霹雳角的黑夜漫游,0,0,0,15
石像鬼花园,0,0,0,4
如有所见,6.8,32,0,7198
无边行,0,0,0,25
燕尾,0,0,0,60
蓝鲸,0,0,0,18
世界的最后一天或星期五,0,0,0,16
没有出口的大厦,0,0,1.99,332
无限师宠,0,0,0,61
分裂,0,0,0,10
逃,0,0,0,59
玉女奇缘,7.0,17,4.99,2557
暗夜魔法师,0,0,0,81
桃花源记前传,0,0,1.99,646
群星,0,0,0,10
孟婆汤之地府笔记,0,0,0,59
无限师宠,0,0,0,61
分裂,0,0,0,10
逃,0,0,0,59
玉女奇缘,7.0,17,4.99,2557
暗夜魔法师,0,0,0,81
桃花源记前传,0,0,1.99,646
群星,0,0,0,10
孟婆汤之地府笔记,0,0,0,59
神说,7.6,12,0,5196
夜幕之下,7.0,12,1.99,675
记忆与丧失之间,0,0,0,52
当我们在谈论爱情时我们在鬼扯什么？,0,0,0,821
天问九章,0,0,0,24
遇见一百个姑娘,0,0,0,13
旧街呓语,0,0,0,101
起初有言,0,0,0,36
素语绿萝,0,0,0,77
幻想的说,0,0,0,2
吸血鬼的角宴,0,0,0,21
造梦者,0,0,0,26
糟心恋爱,0,0,0,230
你是天使,0,0,0,23
颜色,0,0,0,106
三国外传,0,0,0,35
长老有难,0,0,0,43
茶孽,0,0,0,44
厌食记,0,0,0,309
Genesis Hero,0,0,0,709
霹雳角的黑夜漫游,0,0,0,15
蜜獾事务所,0,0,0,23
石像鬼花园,0,0,0,4
变性人,0,0,0,28
燕尾,0,0,0,60
东北奇人异事,0,0,0,15
关于张三的故事,0,0,0,174
百鬼绘卷,0,0,0,26
荆棘旅馆,0,0,0,122
最后的嗜血者,0,0,1.99,229
魔都不经集,0,0,0,125
都市闯江湖,0,0,0,27
雨林旧事（第三辑）,0,0,2.99,42
妖怪新录,0,0,0,112
鱼王的战争,0,0,1.99,47
义狐,0,0,0,180
女神的金牌保镖,0,0,0,526
麒麟台·壹,0,0,6.99,2620
人间倒影,0,0,0,441
双生,8.4,32,1.99,3134
美珠豆腐屋,0,0,1.99,703
你是谁？,0,0,0,353
牧歌：云裹篇,0,0,0,6421
长河暮歌,0,0,0,390
鸟人,0,0,0.99,970
2.88,87625959586358605859
怪物水灵,0,0,1.99,63
最后一只独角兽,0,0,0,900
眼中的爱人,0,0,0,9
家里有口神井,0,0,0,26
幻想生物故事集,0,0,0,38
嘟噜星球 - 雪乡,0,0,0,13
女巫笔记,0,0,0,4
《龙契史》第三卷，北之晦,0,0,0,22
澧州杂记,0,0,0,357
《神战日记》,0,0,0,690
诈骗日记,0,0,0,12
索菲娅的奇幻之路,0,0,0,84
粉红色的猪,0,0,0,58
玄幻世界的真相,0,0,0,82
昆仑,0,0,0,25
砂国,0,0,0,396
妖非妖，祸非祸,0,0,0,226
长夜六部曲,0,0,0,23
玉之戒律,0,0,0,50
成长之路,0,0,0,12
昆海赤妖,0,0,0,22
诈骗日记,0,0,0,12
我做了一个奇怪的梦,0,0,0,6
《非真世界之天变》,0,0,0,13
粉红色的猪,0,0,0,58
大宇宙,0,0,0,3
玄幻世界的真相,0,0,0,82
生活狂响曲,0,0,0,97
妖非妖，祸非祸,0,0,0,226
玉之戒律,0,0,0,50
童年镇第一季,0,0,0,41810
我的祖先是状元,0,0,0,37
最后的嗜血者,0,0,1.99,229
玄奘之路,0,0,0,300
记忆清洗师,0,0,0,102
一生一世错——不过神仙和没事妖怪姐妹篇,0,0,0,377
都市闯江湖,0,0,0,27
舞,0,0,0,8
女神的金牌保镖,0,0,0,526
妖怪的世界发生了什么,0,0,0,421
荆棘旅馆,0,0,0,122
夜半天堂,0,0,1.99,41
逐鹿之战,0,0,0,349
你是谁？,0,0,0,353
庄周梦成,0,0,0,24
黑月,0,0,0,58
聂隐娘之藩镇旧事,0,0,0.00,198
北天七皇,7.2,46,0,28140
怪物水灵,0,0,1.99,63
镜城,5.6,42,1.99,612
异话,0,0,0,39
惊鸿一梦,0,0,0,490
最后的嗜血者,0,0,1.99,229
你是谁？,0,0,0,353
都市闯江湖,0,0,0,27
一生一世错——不过神仙和没事妖怪姐妹篇,0,0,0,377
荆棘旅馆,0,0,0,122
舞,0,0,0,8
女神的金牌保镖,0,0,0,526
妖怪的世界发生了什么,0,0,0,421
曜州大陆,0,0,0,971
逐鹿之战,0,0,0,349
梦的几种,0,0,0,29
云梦泽,0,0,0,10
千灵之心,0,0,0,837
庄周梦成,0,0,0,24
黑月,0,0,0,58
聂隐娘之藩镇旧事,0,0,0.00,198
怪物水灵,0,0,1.99,63
镜城,5.6,42,1.99,612
3.00,158135129124445176
每天一个短故事，存萌银行,7.6,33,1.99,3964
亚布晴沙（三）,0,0,1.99,199
雪襟,7.4,20,0,2026
落风的井,0,0,0,237
童年镇第一季,0,0,0,41810
采风者,0,0,0,328
我的祖先是状元,0,0,0,37
圆形的苹果有一颗方形的心,0,0,1.99,99
爱多拉圣地,0,0,0,1127
环形人生,0,0,0,439
杀手世家,0,0,0,2289
圣者颂：最后的唤灵（一）,0,0,0,3273
石门,0,0,0,216
最后的德鲁伊,0,0,0,116
造梦人说,7.4,12,0,1142
禹鼎记,0,0,0,107
动物寓言,0,0,0,1456
未知国公民,0,0,0,3504
异时刻,0,0,0,1322
璇玑,0,0,0,8
姑若言,0,0,0,503
往哪儿跑,0,0,0,52
末日号角,0,0,0,27
人偶,0,0,1.99,530
疯狂种子人,0,0,0,1077
昱天,0,0,0,110
絮梦残简,0,0,0,159
逐鹿之战,0,0,0,349
阿诺斯的悲伤,0,0,0,16
过河卒,0,0,0,47
三彭外传,0,0,0,168
神火笔录,0,0,0,230
我们的岛,0,0,0,246
不周,0,0,0,431
不相识,0,0,0,207
齐莎莎不再做梦,0,0,0,4787
公爵的归途,7.2,11,1.99,925
痛快人生,0,0,1.99,612
来魂去魄,0,0,0.99,308
白鸟,0,0,1.99,53
火崖,0,0,0,136
不能成为勇者就只好冬眠,0,0,0,876
隐尘楼,0,0,0,1964
二〇〇六年初,0,0,0,175
双双燕,0,0,0,63
烈海风怒,0,0,0,1526
脑洞大开,7.6,14,0,27674
天阶,0,0,0,1009
怪谈·狐仙,0,0,1.99,121
傲域天君,0,0,0,2177
生命的海洋,0,0,0,1562
1.00,976720650626598597592575567576
夜说百物语,7.6,12,0,5081
夜行巨兽,0,0,1.99,688
小丑•环记,0,0,0,980
江心有大鱼,0,0,0.00,202
重山问,0,0,0,4961
捕鳇少年,7.0,26,1.98,1.98,1561
深林,0,0,0,1217
御灵歌,0,0,0,19
如梦令,0,0,0,314
天意之上,0,0,0,53881
非职业占卜师,0,0,0,38
桃花客栈,0,0,0,900
The King Of Dragon,0,0,0,27
枯镜阴阳者,0,0,0,126
东京浮沉,0,0,1.99,139
君向帝都,0,0,0,98
烂人,0,0,0,152
圆月小舞曲,0,0,0,222
龙谣,0,0,0,69
凌月传,0,0,0,133
名可名,0,0,0,28
拖延症妖怪,0,0,0,34
格林童话,0,0,0,100
衣柜漂流记,0,0,0,383
打了结的八月,0,0,0,15
暗夜录,0,0,0,94
我不是人,0,0,0,920
猴儿酒,0,0,1.99,311
一路的朋克,0,0,0,86
和爱豆在一起的日子,0,0,0,13
峦海寻,0,0,0,397
拖延症妖怪,0,0,0,34
格林童话,0,0,0,100
衣柜漂流记,0,0,0,383
打了结的八月,0,0,0,15
璇玑,0,0,0,8
三彭外传,0,0,0,168
往哪儿跑,0,0,0,52
末日号角,0,0,0,27
阿诺斯的悲伤,0,0,0,16
烂人,0,0,0,152
人偶,0,0,1.99,530
昱天,0,0,0,110
絮梦残简,0,0,0,159
The King Of Dragon,0,0,0,27
小草流浪记,0,0,0,24
过河卒,0,0,0,47
胧山月,0,0,0,62
神火笔录,0,0,0,230
姑若言,0,0,0,503
我们的岛,0,0,0,246
名可名,0,0,0,28
星川斗神传,0,0,0,62
心理症,0,0,0,25
草叶集,0,0,0,8
化剑,0,0,0,218
裸春,0,0,0.99,789
净月若明,5.4,29,1.99,436
昆吾之雪,7.8,25,1.99,691
魂哀京,7.6,33,1.99,925
动勿城,0,0,1.99,94
东风为谁妩媚,7.4,18,0,7763
逃离姑苏,0,0,1.99,83
圣医,0,0,0,1173
原罪犯,0,0,0,233
奇妙录,0,0,1.99,259
穿过时间记忆的那道光,0,0,0,54
断裂的世界之混乱之子,0,0,0,9
忏悔未遂,0,0,0.99,385
康城之恋,0,0,0,1184
一个潜在臆想症患者的自发案例,0,0,1.99,228
冒名,0,0,0.99,382
Animals,0,0,1.99,52
薛定谔小姐的猫,6.6,38,1.99,660
极北玄光,0,0,0,431
香徊魅影诡事集,0,0,1.99,1174
从未路过的世界,0,0,0,59
叶落言归处,0,0,0,12
神州录,0,0,0,54
怪谈·灭顶之灾,0,0,6.99,1703
崇明遗子回乡传,0,0,0,31
哭泣的鲤鱼,0,0,0,246
老狐精与恶龙之地,0,0,1.99,442
苔藓与向日葵,0,0,0,406
人性之现世报,0,0,0,20
超维,0,0,0,13
白日梦想,0,0,0,43
坎与离-海灵的王座,0,0,0,21
两个世界的流浪,0,0,0,860
神的召唤,0,0,0,44
猫头鹰童话,0,0,0,281
迷雾世界 第一个祭品的故事,0,0,0,50
天使号,0,0,0,15
白日梦想,0,0,0,43
龙族,0,0,0,15
崇明遗子回乡传,0,0,0,31
哭泣的鲤鱼,0,0,0,246
别时清月，云淡风轻。,0,0,0,17
神的召唤,0,0,0,44
殇之界,0,0,0,3
两个世界的流浪,0,0,0,860
猫头鹰童话,0,0,0,281
迷雾世界 第一个祭品的故事,0,0,0,50
窃影者,0,0,0,127
客星,0,0,0,484
化剑,0,0,0,218
北极猫,0,0,1.99,846
裸春,0,0,0.99,789
风之旅,0,0,0,148
宿命,0,0,0,771
东风为谁妩媚,7.4,18,0,7763
万相迷离夜（三）,0,0,1.99,340
原罪犯,0,0,0,233
巨机破,0,0,0,2379
奇妙录,0,0,1.99,259
通灵狗仔,0,0,0,9798
最后的妖族王子,8.0,22,0,5840
王小文与悉达多,0,0,0,4502
极北玄光,0,0,0,431
冒名,0,0,0.99,382
忏悔未遂,0,0,0.99,385
眼戒,7.8,43,1.99,2615
岩斗轶事,0,0,1.99,176
化剑,0,0,0,218
裸春,0,0,0.99,789
净月若明,5.4,29,1.99,436
昆吾之雪,7.8,25,1.99,691
魂哀京,7.6,33,1.99,925
动勿城,0,0,1.99,94
东风为谁妩媚,7.4,18,0,7763
逃离姑苏,0,0,1.99,83
圣医,0,0,0,1173
原罪犯,0,0,0,233
奇妙录,0,0,1.99,259
通灵狗仔,0,0,0,9798
眼戒,7.8,43,1.99,2615
王小文与悉达多,0,0,0,4502
忏悔未遂,0,0,0.99,385
一个潜在臆想症患者的自发案例,0,0,1.99,228
冒名,0,0,0.99,382
Animals,0,0,1.99,52
薛定谔小姐的猫,6.6,38,1.99,660
极北玄光,0,0,0,431
N维世界,0,0,0,734
取经之路,0,0,1.99,772
森林之心,0,0,1.99,1028
在天堂的大门外,0,0,0.99,155
龙女,0,0,0.99,85
虚已年,0,0,1.99,306
妖剑传,0,0,0,647
第三个世界,0,0,1.99,249
游吟者奥尔菲,0,0,0,27096
胖子奇遇记,0,0,1.99,414
森林之心,0,0,1.99,1028
在天堂的大门外,0,0,0.99,155
白狐,0,0,0,269
虚已年,0,0,1.99,306
蓝色边界,0,0,0,3353
本作品在微博已经发表。。。,0,0,0,53
哈喽，猫咪,0,0,0,6
猪头山下的主角（斑斓）,0,0,0,47
鲸歌,0,0,0,17
白狐,0,0,0,269
宇宙尽头来信,0,0,0,128
蓝色边界,0,0,0,3353
本作品在微博已经发表。。。,0,0,0,53
哈喽，猫咪,0,0,0,6
佩里咖啡馆,0,0,0,310
白狐,0,0,0,269
宇宙尽头来信,0,0,0,128
蓝色边界,0,0,0,3353
本作品在微博已经发表。。。,0,0,0,53
哈喽，猫咪,0,0,0,6
猪头山下的主角（斑斓）,0,0,0,47
鲸歌,0,0,0,17
若能,0,0,0,35
雾中人,7.4,14,0.99,1039
寻眠启事,0,0,1.99,47
牧灵传说之黑城往事,0,0,0,42
战国英雄传说,0,0,0,177
守塔人,0,0,0,15
庞然巨物,0,0,0,110
山羊巴郎,0,0,0.99,535
林女之梦,0,0,0,110
新月亮,0,0,0.99,854
睡在棺材里的孩子,0,0,0,487
十九首,0,0,0,24
诸神的黄昏,0,0,0,163
明晟高校怪异事件,0,0,1.99,104
暴走大学,0,0,0,592
汇贤雅叙,0,0,0,152
两自书——东行奇妙故事（上）,0,0,0,399
南风寺,7.6,13,0,4511
时与白,0,0,0,28
隐身的日子,0,0,0,136
南风寺,7.6,13,0,4511
暴走大学,0,0,0,592
灵猫物语,0,0,0,45
雾中人,7.4,14,0.99,1039
牧灵传说之黑城往事,0,0,0,42
战国英雄传说,0,0,0,177
庞然巨物,0,0,0,110
林女之梦,0,0,0,110
时与白,0,0,0,28
齐谐录Ⅱ,0,0,0,21
守塔人,0,0,0,15
十九首,0,0,0,24
明晟高校怪异事件,0,0,1.99,104
失踪于23：03的地铁,0,0,0,214
画魂引,0,0,0,14
汇贤雅叙,0,0,0,152
两自书——东行奇妙故事（上）,0,0,0,399
大天鹅之死,0,0,0,381
旅程,0,0,0,234
隐身的日子,0,0,0,136
王拉德瞎凑热闹童话,0,0,0,11
红孩儿疾风传,0,0,0,13
君夜,0,0,0,34
宇宙尽头来信,0,0,0,128
佩里咖啡馆,0,0,0,310
白色球（一）万辰,0,0,0,20
麾下魔王,0,0,0,53
怪兽的祖先,0,0,0,32
三月末的象牙塔,0,0,0,25
青剑丹心,0,0,0,35
梦的倒影,0,0,0,9
愿面妆,0,0,0,13250
琉璃半城,0,0,0,1350
古今奇谈,0,0,0,108
菠萝星球,0,0,0,1463
不会卖萌的家电都不是好家电,8.6,166,1.99,10153
千年历险记,0,0,0,189
最后的弗吞罕（中）,0,0,1.99,19
火的三个名字,0,0,0,5400
天地水晶梦,0,0,2.99,196
一个实际上存在的星球,0,0,0,478
吸血鬼少年,0,0,0,327
怪谈·死胖子,0,0,0.99,540
志灵,8.8,114,1.99,6662
诸神,8.0,14,0,19268
璞蚌集,0,0,0,589
利维坦,0,0,0,670
逆鳞传,0,0,0,4088
云之林,0,0,0,4570
少女引灵师,0,0,0,8292
方舟泊,7.6,161,1.99,5965
《利莫里亚》第一部——轮回光舰,0,0,0,1014
=,0,0,0,25
城市失聪,0,0,0,28
卡罗之暮霭森林,0,0,2.99,401
穆棱的森林,0,0,0,12
理想化的沉吟,0,0,0,314
一战成神,0,0,0,17
热气球男孩,0,0,1.99,400
神的赌局,0,0,0,77
嘟噜星球 - 沙境,0,0,0,36
日出而息,0,0,1.99,158
英雄·皎月传,0,0,0,53
《前世梦生缘》,7.8,12,0,1135
地狱行者,0,0,0,273
都是你的城邦——致EQ,0,0,0,273
巨机破 - 英伦之巅,0,0,0,341
不可告人的秘密,0,0,0,211
毒饵洞,0,0,0,34
美好时刻,7.4,11,3.99,1467
遇见树的暑假,0,0,1.99,208
解灵人——十恻,0,0,0,167
川普外传——救世纪,0,0,0,61
荒诞之夜,0,0,0,14
梦的倒影,0,0,0,9
怪兽的祖先,0,0,0,32
三月末的象牙塔,0,0,0,25
青剑丹心,0,0,0,35
荒诞之夜,0,0,0,14
川普外传——救世纪,0,0,0,61
