Django入门教程,8.0,211,0,67225
机器学习之Python,7.6,16,0,46974
自我复位健康术——头面篇,0,0,10.00,1386
CoffeeScript小书,8.2,71,1.99,15032
天气与历史的相爱相杀,8.6,43,1.99,4725
星际穿越,9.0,16,1.99,1761
自我复位健康术——腰椎骨盆篇,0,0,10.00,1830
烟波至爽，数据为王,8.0,51,0,25847
百年论战,8.8,61,3.99,9773
协议森林,9.6,114,0,150666
产品经理工作手册,9.6,96,0,9107
自我复位健康术——颈椎篇,0,0,10.00,1857
MacTalk·人生元编程,8.4,288,2.99,48080
自我复位健康术——背部胸椎篇,0,0,10.00,920
自我复位健康术——全身调衡篇,0,0,10.00,646
我的发明：特斯拉自传,8.4,41,1.99,5409
人类为什么会得自闭症,7.4,117,0,12313
隐藏人物,8.2,28,0,2952
神话故事与词根词缀,8.0,17,0,4665
未知之地的物理学,8.6,103,0,8553
直立行走的逻辑,8.8,26,1.99,2165
仰望星空,7.6,21,0,44781
统计学拯救世界,0,0,0,115
自我复位健康术——上肢篇,0,0,10.00,462
我的职业是前端工程师,8.0,47,0,80342
《区块链真面目》,0,0,0,396
谈谈全栈工程师,8.6,107,0,191269
创业参考,8.2,39,0,45300
产品经理那些事儿,7.8,17,0,334589
自我复位健康术——下肢篇,0,0,10.00,820
B计划｜还你一份出彩的PPT,0,0,0,70
上帝笑了,0,0,3.99,933
机械与文明,7.2,11,0,11670
前端开发笔记,8.2,25,0,41723
设计师的HTML手册,8.0,34,0,41570
男人和女人的博弈,7.6,31,0,266382
BABY夜谈大数据,7.8,16,0,4438
大脑与音乐,7.8,13,0,18553
7.4,17,2.99,43262773204321222114955556419547425
懒人必备的office使用手册,0,0,0,1115
巫蛊术揭秘,0,0,0,133
暴胀中的脑洞,7.6,11,0,3930
牛顿的水晶球,0,0,0,2383
指尖的光影游戏,8.2,85,0,30964
儿童识字之我见,0,0,0,15
E事流,0,0,0,11178
0.50,4513402536461087340133909113375927835
赛博格的回音,0,0,0,3138
Design System,0,0,0,246
人工智能,0,0,0,1467
赤身裸体的逻辑,7.2,18,1.99,1389
像写代码一样写论文,8.6,30,0,15836
医疗产业大棋局,7.6,26,0,139008
python的学习之路,0,0,0,957
简简单单学Android,7.8,16,0,46562
创业者说,0,0,0,36878
文科生学编程,0,0,0,169
专注北美投行VC,0,0,0,1222
1.99,49956738333484881541347372
英语拼写简明手册,0,0,0,17132
云人·雨人,8.4,19,1.99,2188
FreeSurfer使用手册,7.2,16,0,35613
我在日本写代码,0,0,0,72
宇宙起源,0,0,0,91
8.4,68,3.00,1583338353430291629859203817444933431209
HTML5+CSS3使用技巧汇总,0,0,0,83
身边花草志：一个男生的女人花,0,0,0,498
28402569256125182518247424762502248085
三界,0,0,0,140
爱琴海与猫头鹰,0,0,0,1691
Python学习笔记,0,0,0,110
一位IT从业者的口译成长路,7.4,19,0,9880
如何让电脑弹奏乐谱,0,0,0.99,0.99,472
早期海生动物物种的自然起源,0,0,0,443
数字地球,8.2,31,0,38749
经济学研究方法散谈（一）,0,0,0,509
肤色进化的逻辑,7.6,18,1.99,1103
闪念俱乐部,0,0,0,122
产品动态,0,0,0,105123
数字的秘密，揭开足彩欧赔冷门操盘的内幕,0,0,0,207
化妆品知多少？,0,0,0,4346
人类的核心优势,0,0,0,26
数码,0,0,0,4
闲话体坛,0,0,0,1519
智慧管理講堂,0,0,0,26
Deeplearning4j入门,0,0,0,210
Bootstrap实战,0,0,0,1129
商业创新,0,0,0,799
外语：深度学习元年,0,0,0,186
大数据时代下的隐私保护,0,0,0,131
物联网视角构建产业新格局,0,0,0,61
蜗牛小谈,0,0,0,1800
兴趣编程：如何让电脑弹奏乐谱,0,0,0,509
小黑屋：游戏创作之旅,0,0,0,6120
我的基因我做主,0,0,0,16112
互联网精准引流100篇,0,0,0,34
麻省理工学院媒体实验室,0,0,0,120
海底喋血——核潜艇,0,0,0,1864
robot,0,0,0,15
地平论深度调查,0,0,0,58
Android源码解析录,0,0,0,410
Python初级实战项目,0,0,0,107
地图的世界，那么近那么远,0,0,0,1930
Coder启示录,0,0,0,2665
如何阅读：高层次阅读指南,0,0,0,218
性别观念革命,0,0,0,1166
产品猎人,0,0,0,235
Tech Things,8.0,16,0,12582
无声生有声,0,0,0,308
iOS开发集锦,0,0,0,48
失恋是病要治,0,0,0,56
独角兽的故事,0,0,0,256
IT绝世高手,0,0,0,125
去野外,0,0,0,562
今日扯灋,0,0,0,1136
灵异真相,7.0,26,4.99,5282
我来告诉你，咳嗽不用药可以，怎么治好,0,0,0,101
Copy2China,0,0,0,10432
2.99,35422622574312919462019
1.99,1951741602241363641415520
公益咨询,0,0,0,7
看漫画·做实验·学编程,0,0,0,116
动物的性生活,8.0,13,0,9984
数学家的故事,0,0,0,155
《区块链真面目》（试行版）,0,0,0,623
光影物色：电影技术发展史,0,0,0,1021
智能的宇宙,0,0,0,164
社交新零售,0,0,0,140
美国红枫-弗里曼槭“秋火焰”100问,0,0,0,211
科学那些事儿,6.6,13,3.99,1744
拾星记,0,0,0,709
毅力速成手册,0,0,0,308
婚恋中不可不知的法律知识,8.2,15,0,766
脱壳,7.6,13,0,10625
景辰,0,0,0,2157
明明白白生活中的保险,0,0,0,320
