与人相处那些事,9.2,87,0,229948
爱的正反面,8.2,23,2.99,6570
黑色大门,9.4,83,2.99,12598
独乐女时代,0,0,0,34
情感问答 3,8.8,130,1.99,31366
你活在人间，便要狠狠去爱,7.4,20,1.99,2765
女友调教手册（修订版）,7.8,558,1.99,89831
锦瑟记--------流年里的唐诗宋词,0,0,0,258
52 个改变,8.4,583,0,98165
情感问答 2,9.2,986,1.99,115222
一个人的性,6.6,23,3.99,15102
与众不同的心理学,9.0,69,0,55941
女友挽回手册,8.8,103,9.90,13888
好好思考：21堂高情商思维课,0,0,0,1598
你不许变心,8.2,23,0.99,0.99,1740
从男票到老公,9.4,40,0,46257
论文艺女青年如何培养女王气场,7.0,1279,1.99,145232
情感问答,9.0,1771,1.99,215821
7天治愈拖延症,7.8,2164,5.00,363461
不一样的性和爱以及恐惧,7.8,205,1.99,14924
8.0,34,1.99,8020787078731239111710291031943912912
立竿见影的战拖术,8.8,36,0,24375
十大行星落十二宫位,0,0,0,429
走神（上）,8.2,136,1.99,17993
看电影学心理学,9.0,19,0,53558
断舍离日记,8.8,68,0,72675
你懦弱 你凶悍,0,0,0,3174
我不是教你诈：女生该怎么恋爱,8.2,138,0,9159
老爸，我是自己长大的好吗？,8.8,32,0.99,2385
请珍爱这样的自己,9.4,80,0,143703
写作，最有效的个人成长方式,0,0,0,2245
女人，你为什么而怒？,9.4,64,0,146497
把日子过成雷同,9.0,24,1.99,4245
i 问连岳·3,9.2,82,2.99,9059
谈恋爱： 你应做女王而不是公主,7.8,215,0,325333
你可以拥有你想要的生活,8.8,1265,0,8493375
i 问连岳·1,8.4,231,1.99,18659
我的老公是意大利人,0,0,0,568
我爱你，但不会上瘾,8.6,111,0,54228
深夜的呼吸,7.4,60,1.99,2705
星座与生命,8.0,12,0,38523
美力女性主宰命运,9.6,34,0,85132
徒步去西藏,0,0,0,29174
一位隐居大理的交易员,0,0,0,62
纯白恋曲（散文诗集）,0,0,0,3625
识男手册,7.2,144,0,679528
从小到大身边的爱情故事,0,0,0,21
100993478679490
走神（下）,8.6,62,1.99,7330
十六周的人生蜕变,8.2,1143,5.99,106045
香港求学记,7.2,45,0.99,3353
论“单身狗”的诞生,0,0,0,29133
i 问连岳·2,9.0,102,2.99,8312
暴食症自愈手册,8.0,24,0,89910
单吊一味,9.4,29,2.99,4524
8.0,53,5.99,36749309803000130406435334023545330532132949
请珍爱这样的自己,9.2,18,3.99,6514
男女战争,0,0,3.99,1688
民国那些女子的爱情故事,7.4,21,0,29513
少年时,9.8,38,0,18799
纷乱的思绪,0,0,0,49275
极简主义•理念,9.0,325,0,68889
我在私立学校做老师,0,0,0,195
爱的正反面,8.0,14,0,42324
另类女性,9.2,68,0,24951
当代青年生活指南,8.6,96,0,49503
冷眼观爱,7.6,40,0,380759
来，我们谈谈情，说说爱，找找自我,8.8,95,1.99,9746
病人与它 关于遇见你,0,0,0,41
战拖五步法,8.2,89,1.99,8887
无脑记,0,0,0,21
我的生活是一部日剧,0,0,0,1631
我的努力让我舍不得亏待自己,8.8,63,0,151198
9.4,284,1.00,35226290092656630144254932534423735239532259722840
行走中的思考者,0,0,0,227
荒芜废墟,0,0,0,2221
怎样谈一场不分手的恋爱,8.2,229,0,349037
写在脸上的智慧,7.8,29,0,26922
爱之罪,8.6,66,3.99,6078
我是女人,0,0,0,944
我们该如何脱离苦海,0,0,1.99,944
触底—我与重度抑郁,0,0,0,94
我是鸡汤·2,8.6,74,2.99,6428
如何疗愈原生家庭中的爱与痛,0,0,2.99,2454
爱情的正确打开方式,7.8,61,0,295416
187817611725173217278110673961
20出头的孤傲与淡漠,8.4,21,0,250815
乱红飞过秋千去,0,0,0,3293
给直男的100个贴士,0,0,0,9675
星座心理学,0,0,0,8564
5.00,8908721199230203195174
独立音乐人故事100篇,0,0,0,3
海上花又开，谋生复谋爱,8.0,17,0,10005
心食解构 | 暴食症疗愈篇,0,0,0,710
长沙LGBT的彩虹生活,0,0,0,290
爱情撞上心理学,9.0,23,0,16275
学爱,7.6,37,0,162305
零度以下的温暖,6.2,19,0,1328
至-曾经放不下某人的我们,0,0,0,499
伊甸园夜话：性美学,0,0,0,20
锵锵爱情观,0,0,0,3414
爱你不必煽情，走心就很动听,0,0,0,15455
当我在公交车上我想些什么,0,0,0,2
图妈在幼儿园交好朋友,0,0,0,1
占星随笔,0,0,0,3717
老徐大院,0,0,0,2041
家有乖乖虎,0,0,0,2757
一名抑郁症患者的碎语,0,0,0,16
星座是讓人相互瞭解的神祕法寶,0,0,0,692
10461018813248172137263190184123
心灵源头绘画,0,0,6.00,1507
心理咨询随感录,0,0,0,30919
红蜻蜓飞过的夏天,0,0,2.99,1811
生命从尘埃中开出一朵花,7.6,13,0,3664
觉察之路,8.2,23,0,22317
攻星计,0,0,0,6142
九宫格创意思维导航,0,0,0,7450
从你的生命走过,9.6,45,0,99929
野生写作，零食阅读,0,0,0,15
斜杠青年,0,0,0,244
女性心理成长自疗课,7.4,18,0,90404
9.0,98,1.99,1041886498276699261955744033438901752
心心斋之婚恋解密,6.0,14,4.99,822
更好的父母，更好的自己,0,0,0,873
活在生活之外,0,0,1.99,886
巨婴日记,0,0,0,44
Soapbox,0,0,0,13
“战拖”新知,8.2,41,0,37566
爱与亲密的成长自疗课,7.8,14,0,38459
永远高唱我歌,0,0,0,8
驱动人生的未知力量,0,0,0,50
孤独出没之处，七步必有解药,8.2,11,1.99,1568
青石巷,0,0,1.99,492
白鲸事,0,0,0,75
大贱和小贱，余生请多多关照,0,0,0,18
我在英国这一年,7.6,16,0,109506
多年以后,0,0,0,1942
成长与改变,0,0,0,2293
我无法恋爱的理由,8.6,77,0,38671
国产电影系列评论,0,0,0,12
这个世界本就不属于 像你这样美好的灵魂,0,0,0,104
在上海和一个没有工作的小屁孩谈论人生故事,0,0,0,50
悠悠娘家事,8.0,13,0,57588
考研必须经历的二三事,0,0,0,49
不要吻，要刺——民国女子物语,0,0,0,15
食爱而肥,9.6,197,0,406872
100个追逐热爱的故事,0,0,0,42
内观：发现真实的自己,0,0,0,57
关于霍乱时期的爱情,0,0,0,349
感情说说,0,0,0,7
我的理智与情感,0,0,0,5766
7.8,220,9.80,44470415738773559347834483226316932002359
任性的姑娘你凭什么幸福,9.2,254,0,129787
星座身心灵,0,0,0,9250
i 问连岳·4,9.0,78,2.99,7403
深夜孤独的灵魂,0,0,0,48
北京的春秋与悲喜,0,0,0,2751
只想遇到一个你,0,0,0,62166
遇见师父,0,0,0,11
做最好的自己,0,0,0,735
我俩刚结婚,0,0,0,1662
纽约寻爱记 （第二季）,0,0,0,2437
嗜独情深：30岁后，先独居它个3年,0,0,0,1563
胡诌八扯,0,0,0,48
予妹文,7.4,472,0,18880
人生三十,0,0,0,9
感情与金钱,8.2,51,0,116628
可乐软糖和新鲜菠萝蜜,0,0,0,6
活在生活之外,0,0,0,297
考研心理历程,0,0,0,53
当下,0,0,0,42
考研日记,0,0,0,434
爱整理,7.4,36,0,208942
23个悲伤的爱情故事,0,0,0,11452
一个60后的真实人生【第二部】,0,0,0,13475
养鸟记,7.6,23,1.99,1080
如何疗愈原生家庭中的爱与痛,0,0,0,1473
6.99,108897389384483984781380447783
分手后我们能做些什么？,8.0,40,0,30251
90天彻底改变你的自制力,7.4,22,1.99,3887
我们都是取暖的豪猪,0,0,3.99,686
爱情是什么颜色,0,0,0,17636
一人、一食、一世界,0,0,0,2093
我写给我的信,0,0,0,1424
你可以活得更像自己，只要你愿意,7.0,15,0,63167
慢慢来会比较快,0,0,0,31
走出你的舒适区,7.6,24,0,80807
回头啊，我还在看着你,0,0,0,9
想对这个糟糕的世界说点什么,0,0,0,10599
教你搞定身边人,8.0,15,0,19396
人生玩家,8.4,32,0,163453
19.00,4214354933333222309135901041994827869
食色幸也,0,0,0,58
泊罅记,8.6,85,0,4858
女人三十间隔年,0,0,0,8413
一个心理咨询师对世界的思考,0,0,0,323
“话痨大神”伍迪•艾伦电影中的现实“病”,0,0,0,20
潘帕斯没有你,0,0,0,10
中国搭讪第一人,7.4,29,0,9827
10.00,319424502410700632613572562545553
女人的幸福与什么有关,7.4,13,0,43795
这世界的热闹与我无关,0,0,0,67
盘丝洞一千零一夜故事,0,0,0,2
请把生活过得白里透红,0,0,0,19065
30岁以后，我们才开始懂事,0,0,0,32
辞职以后的100种活法,7.8,23,0,30246
左手爱情 右手婚姻,7.6,11,0,1644
我的孩子也许是个正常人,0,0,1.99,62
七夕不睡觉,0,0,0,17
修心修行修性,0,0,0,29
全职妈妈时间管理,0,0,0,176
愿你的所有相遇都是恰逢其时,0,0,0,565
总有一句歌词打湿你心,8.2,145,0,272745
心理沙龙分享会,0,0,0,6492
4.99,340029301957641465337306284320403
黑客与瑜伽士,0,0,0,19
解馋新鲜空气 - 北京 2015 冬,0,0,0,230
猫言喵语,7.6,28,0,34650
灯塔、等她,7.8,12,0,4885
8.0,98,0.80,5808521047762954232419501749299222191
没有人给我写信,0,0,1.99,889
猫叔的江湖咖啡馆,0,0,0,197
要么庸俗，要么孤独,8.2,98,0,54747
6.60,271824982560371356331292308270349
你的信，寄出去了吗,0,0,0.99,1099
于飞心理疗愈,0,0,0,10108
谁的职场不小白？,0,0,0,3893
消失集,7.8,23,0,30275
金庸教你女追男,0,0,0,8760
像我这样拙劣地生活,0,0,0,1808
心理学八卦集,8.2,33,0,13347
知足常乐手册,8.6,82,0,12008
爱好自己，才能爱好别人，才能快乐对待爱情,0,0,0,5058
时间的针脚,0,0,0,39
8.00,2073147914691490347367316455314297
跟着明星学说话,0,0,0,485
1649100895979311014478545240
社交恐惧微问答集,0,0,0,391
暗白,0,0,0,14
我们俩一起路过这世界,0,0,0,24
食物与我,0,0,0,25
终登泰山记,0,0,0,61
写给爸爸妈妈，假装你们还活着,0,0,0,124
留德华的青春纪实,0,0,0,62
至少要好好说再见,0,0,0,56
致我们不二的青春——此去一别，来日方长,0,0,0,25
放我一人，孤独自由,0,0,0,85
重庆没有森林,0,0,0,46
三元成一,0,0,0,45
男人是否都一样,0,0,0,1545
女子恋爱图鉴,0,0,0,2309
一人一城,0,0,0,1783
原来我也曾经走到过那么远,0,0,0,57
怎样谈一场不分首的恋爱,0,0,0,1019
女孩的成长,0,0,0,5135
梦境实录,0,0,0,808
狼餐之徒的自白,0,0,0,598
清夏在写睡前童话,0,0,0,93
7.6,27,1.99,77267292682670146961309107175141194
别样空间,0,0,0,182
藏地手记,0,0,0,817
除了瘦，还要美，还要有钱和自由,7.4,17,0,2043
青春，记忆里最明媚的时光,0,0,0,178
空少日记,0,0,0,4634
无我心,0,0,0,37
当某天，不再需要爱情,0,0,0,1127
好姑娘光芒万丈,7.2,28,0,19375
2.99,4323383943173187121034
留不住的是乡愁,0,0,1.99,366
肚子里有个小先生,0,0,0,984
漾动的青春,0,0,0,50
不要叫醒我 等我自己醒来,0,0,0,15
我有一颗蒜，不只是蒜皮,0,0,0,405
Me and My Therapy,0,0,0,20
未命名,0,0,0,193
龙门阵,0,0,0,106
真正离别的时候，可不可以不流泪,0,0,0,32
二三信,0,0,0,64
改造命运,0,0,0,298
少年归来,0,0,0,876
沉默者的歌,0,0,0,5
她和我的十九年,0,0,0,126
如何成为人上人,0,0,0,20
当代青年情感指南,0,0,0,639
爱不可说，一说就错,0,0,0,44
终登泰山记,0,0,0,61
非真实事件,0,0,0,13
我曾在这片土地站立,0,0,0,42
三十岁以后才明白的事,0,0,0,373
浮生随记,0,0,0,33
癫者有情,0,0,0,30
至少要好好说再见,0,0,0,56
爱不可说，一说就错,0,0,0,44
非真实事件,0,0,0,13
如何成为人上人,0,0,0,20
我曾在这片土地站立,0,0,0,42
浮生随记,0,0,0,33
癫者有情,0,0,0,30
往事与变迁,0,0,0,2158
571435401357341342326316370335
我等你，即便全世界都不在了,0,0,0,14
此路通往当下,0,0,0,10
镜花水月,0,0,0,28
7.8,59,1.99,6955620163392773216721011973182618371838
新青年2.0,0,0,0,5
郑能量,0,0,0,247
6.8,23,5.00,37233482361511041057108098299810151058
浪费纪事,0,0,0,7
你总要在孤独中学会成长,0,0,0,329
母亲的小米南瓜粥,0,0,0,418
到底什么是理想的生活,0,0,0,1295
用一生，抵达一次山盟,0,0,0,16
房顶有菜园,0,0,0,17
长命,0,0,0,63
孤独旅人,0,0,0,344
这些人，这些事儿,0,0,0,509
与安然度过的3年光阴,0,0,0,2
思至,0,0,0,36
来巴黎的人,0,0,0,39
The other one,0,0,0,47
不管怎样，你都要坚强,0,0,0,375
小店,0,0,0,117
孤独择日而止,0,0,0,237
银杏叶子故事绘,0,0,0,174
我的十年,0,0,0,18
离乡人,0,0,0,17
《年少情怀总是诗》,0,0,0,68
她說,0,0,0,62
阿克大人杂俎,0,0,0,484
写给蜗牛的一些信件,0,0,0,48
我在大学浪费时间,0,0,0,459
无解琴音,0,0,0,23
子非鱼,0,0,0,64
内心独白,0,0,0,513
人间草木深,0,0,0,75
深夜心驰,0,0,0,416
一加语录,0,0,0,22
云淡风轻,0,0,0,23
诗酒趁年华,0,0,0,928
陌生人，与你见字如面,0,0,0,46
不管怎样，你都要坚强,0,0,0,375
银杏叶子故事绘,0,0,0,174
离乡人,0,0,0,17
她說,0,0,0,62
雨季不缺水,0,0,0,27
人间草木深,0,0,0,75
我的十年,0,0,0,18
传世佳作——一个母亲的自愈疗法,0,0,0,187
云淡风轻,0,0,0,23
陌生人，与你见字如面,0,0,0,46
母亲的小米南瓜粥,0,0,0,418
我就是入梦,0,0,0,92
到底什么是理想的生活,0,0,0,1295
男人是性别,0,0,0,4
用一生，抵达一次山盟,0,0,0,16
孤独旅人,0,0,0,344
这些人，这些事儿,0,0,0,509
我三十岁了，却还像个孩子,0,0,0,33658
与安然度过的3年光阴,0,0,0,2
思至,0,0,0,36
来巴黎的人,0,0,0,39
相思秋,0,0,0,29
闲散日记,0,0,0,9
死亡录,0,0,0,12
仙女在人间动了情,0,0,0,13
姑妄言之,0,0,0,7
会忘掉这些人吗,0,0,0,5
亲爱的，展信佳,0,0,0,48
秀兰,0,0,0,5
房顶有菜园,0,0,0,17
纯粹的谬误,0,0,0,52
长命,0,0,0,63
满满的笑和微微的甜,0,0,0,3
和女朋友在一起时我的心理变化,0,0,0,18
The other one,0,0,0,47
196115381593154014991497147810869152
小姐快跑,0,0,0,2249
破碎故事之心,0,0,0,3782
旅游管理的烦恼,0,0,0,4069
抽屉里的故事,0,0,0,2196
0.99,63666151248569504705346160
她的泪与笑,0,0,0,518
追爱路上，别矜持,0,0,0,21293
只剩半个漫长夏日,0,0,0,945
借一首歌说爱你,0,0,0,657
天堂超市,0,0,0,10469
深圳的日与夜,0,0,0,4802
你是唯一可以走近的人,6.6,19,0,17151
5.00,408435253840722328223270181255113
烟火人间,0,0,0,9805
食物鬼魅谈,0,0,0,646
山羊夫人闯关记,0,0,0,2030
换个角度看世界,0,0,0,1400
时光书店,0,0,0,3996
陌生人餐桌，一场穿梭在城市的旅行,0,0,0,392
蟹の壳,0,0,0,2017
回忆随笔，生活感悟，,0,0,0,6
浪子日记,0,0,0,118
喵星人心理学,0,0,0,178
藏寨记事,0,0,0,867
情不知所起路漫漫,0,0,0,5
生命悠长，幸与为伴,0,0,0,360
银行基层员工修炼指南,0,0,0,118
二十四个日与夜,0,0,0,259
我也是有xxx的人了,0,0,0,299
成长卧谈会,0,0,0,16
女性的自我觉醒,0,0,0,1410
影音,0,0,0,14
当我在这里,0,0,0,36
十字鸟,0,0,0,34
焦虑日记,0,0,0,80
逃跑的少女,0,0,0,23
日心纪 2018（一）,0,0,0,44
云南上海生活录,0,0,0,1356
陌生人餐桌，一场穿梭在城市的旅行,0,0,0,392
回忆随笔，生活感悟，,0,0,0,6
成长卧谈会,0,0,0,16
情不知所起路漫漫,0,0,0,5
藏寨记事,0,0,0,867
我和我的小妖们,0,0,0,224
逃跑的少女,0,0,0,23
云南上海生活录,0,0,0,1356
女性的自我觉醒,0,0,0,1410
我也是有xxx的人了,0,0,0,299
当我在这里,0,0,0,36
日心纪 2018（一）,0,0,0,44
猪小妹和陈大傻的故事,0,0,0,9
你好，小确幸。,0,0,0,812
家有喜事,0,0,0,38
焦虑的姐姐,0,0,0,48
栖居城市的魂灵,0,0,2.99,631
情缚,0,0,0,79
男生爱情课,0,0,0,164
遇见你的时候所有星星都落到我头上,0,0,0,35
浮游生物,0,0,0,29
Lights Go Out,0,0,0,378
舌尖上的那些婚姻,0,0,0,722
我和苦菜君的十三年,0,0,0,14
春天在哪里,0,0,0,135
明年又长一岁,0,0,0,16
自己走过的路,0,0,0,174
人生，请务必折腾,0,0,0,70
豆妈育儿,0,0,0,37
你不是我的盖世英雄,0,0,0,196
苗一涵的一心一意,0,0,0,68
爱情童话一百零一夜,0,0,0,67
乡下人的速写练习,0,0,0,19
我的二十年,0,0,0,99
宁静的激情,0,0,0,16
浮游生物,0,0,0,29
春天在哪里,0,0,0,135
明年又长一岁,0,0,0,16
你终究是一匹披着美羊羊外衣的红太狼,0,0,0,5
我的三分之一,0,0,0,12
那些人，那些事,0,0,0,9044
豆妈育儿,0,0,0,37
你不是我的盖世英雄,0,0,0,196
宁静的激情,0,0,0,16
苗一涵的一心一意,0,0,0,68
我的二十年,0,0,0,99
我与港大,0,0,0,85
人世,0,0,0,135
小矫怡情,0,0,0,34
向命运抗争到底,0,0,0,46
职场力就是战斗力,0,0,0,52
蜕变,0,0,0,48
女生爱情课,0,0,0,117
情绪博物馆,0,0,0,50
MY TALK,0,0,0,11
剩女相亲记,0,0,0,104
宋词中的爱情,0,0,0,51
三国回忆录,0,0,0,508
月亮在积雨云之上,0,0,0,138
青春博物馆,0,0,0,26
再回首,0,0,0,4
迁徙的灵魂,0,0,0,997
遇见，未央,0,0,0,4
不向这个世界妥协Ⅱ,7.8,18,0,31973
花之惑,0,0,0,58
无风无雨也无晴,0,0,0,61
在路上,0,0,0,9
红尘谱,0,0,0,30
落城以北,0,0,0,17
永结无情游,0,0,0,10
关于抑郁,0,0,0,96
教育孩子，父母和家庭最关键,0,0,0,1264
左歪叨叨,0,0,0,7
时光切片,0,0,0,9
小矫怡情,0,0,0,34
职场力就是战斗力,0,0,0,52
女生爱情课,0,0,0,117
情绪博物馆,0,0,0,50
MY TALK,0,0,0,11
剩女相亲记,0,0,0,104
点解开悟博弈之门,0,0,0,324
人世,0,0,0,135
向命运抗争到底,0,0,0,46
蜕变,0,0,0,48
关于生活不易的100个瞬间,0,0,0,293
《前世，今生，就算轮回也无法忘记你》,0,0,0,22
写给你的100封情书,0,0,0,9
宋词中的爱情,0,0,0,51
3.99,3614343330853266334930083271749506569
小吴精神状态实录,0,0,0,126
十年,0,0,0,12
情事纪,0,0,0,3148
在津，又十五人（在津十人第二期）,0,0,0,1112
让孤独极致,0,0,0,28
你终究是一匹披着美羊羊外衣的红太狼,0,0,0,5
婆媳观宇宙,0,0,0,12929
我与港大,0,0,0,85
一切都会过去的,0,0,0,764
2.99,1075424634309328130161394478687
老友记,0,0,0,60
6.99,32428326127531525838302934
当我回头，你们还在,0,0,0,2661
给女儿书,0,0,0,269
The Moment,7.6,11,0,62888
二十年到此为止,0,0,0,360
遇见田野,0,0,0,21
当你发现不再年轻时,9.4,67,0,57562
爱不用等到猴年马月,0,0,0,1621
回忆杂货铺,0,0,0,3594
你的离开，是一种残忍的力量,0,0,0,2123
青石巷,0,0,0,80046
别听我胡说,0,0,0,5386
流年左不过百转千回,0,0,0,5638
高考日记,0,0,0,25979
寻找 梦幻岛,0,0,0,17
给安的信,0,0,0,39
剧本,0,0,0,2405
6.99,32428326127531525838302934
3.99,3614343330853266334930083271749506569
花梨坎,0,0,0,49
拾碎,0,0,0,15
The Moment,7.6,11,0,62888
情事纪,0,0,0,3148
《简明幸福之路指南第一版》文集,0,0,0,6
年轻的父母如何避免交智商税,0,0,0,30
不间断分手日记,0,0,0,20
婆媳观宇宙,0,0,0,12929
准金融狗,0,0,0,294
我的存在,0,0,0,9
我的奶奶,0,0,0,9
感受,0,0,0,78
意识流日记,0,0,0,12
巴黎小众博物馆里的人生课,0,0,0,122
薛小杉的回忆录,0,0,0,120
安义养育记,0,0,0,26
三十星霜去 留一片记忆,0,0,0,11973
那个回不去的幸福时光,0,0,0,86
愿海蓝时见鯨，梦醒时见你,0,0,0,104
心语宝蓓——静静的看你,0,0,0,35
我用多少来爱,0,0,0,5
你无聊的让我不想崩溃,0,0,0,19
生活需要励志与美好,0,0,0,480
鱼和海洋的故事,0,0,0,23
你说这世界，到底谁欠谁,0,0,0,111
与你一起不负春光,0,0,0,90
可它就是这样过去了,0,0,0,51
我的家庭故事,0,0,0,47
成长简史：在怀疑中坚持,0,0,0,10
在自己的房间,0,0,0,70
苏北记,0,0,0,30
我是正经的秘籍,0,0,0,58
曾照彩云归,0,0,0,72
上海南昌路小记,0,0,0,65
露水侵晨,0,0,0,135
冷清秋,0,0,0,67
爱的杂货铺,0,0,0,20
爱，这个世界,0,0,0,204
二十岁的游泳池,0,0,0,134
小思的心灵故事,0,0,0,35
安义养育记,0,0,0,26
有心就有路:凡是打不倒你的必使你更强壮,0,0,0,84
挽回秘籍,0,0,0,359
迷路在人生,0,0,0,29
薛小杉的回忆录,0,0,0,120
愿海蓝时见鯨，梦醒时见你,0,0,0,104
我了解的女生,0,0,0,56
灰姑娘晋升手册,0,0,0,1012
8.00,429745035069988890779966803754941
1.99,14291345127112011121148199116120179
相亲攻略,8.2,36,0,14575
当暮色昏蓝,0,0,0,538
看见深蓝,0,0,0,290
箧中集,0,0,0,1230
去日留声,0,0,0,6035
类似情爱,0,0,0,3027
神奇典当铺,0,0,0,1626
寒食纪,0,0,0,701
明眸看你我,0,0,0,268
既然如此,0,0,0,4585
云影收茶声,0,0,0,8248
夜，年华如水,0,0,0,2541
怎样把男神变成老公,8.0,16,0,11426
早秋落雏菊,0,0,0,2445
7.6,45,3.99,4956438844254581111310408739051062859
妈妈，让我再爱你一次,0,0,0,2602
歌是过客，你是主人,0,0,0,917
我想拯救世界,0,0,0,16
你好吗？你说呢,0,0,0,418
从人间走过,0,0,0,375
今朝有酒今朝醉,0,0,0,65
人间,0,0,0,425
菁宝是这样长大滴,0,0,0,50
小黑鲸的世界（杂文）,0,0,0,84
我的口袋里，有星星，还有你,0,0,0,2417
二不挂五的“半罐水”人生,0,0,0,7
杂烩,0,0,0,1836
东篱旧爱,0,0,0,170
谁在低吟浅唱，让我无限感伤,7.4,14,0,236
学渣与学霸的自由转换,0,0,0,88
我的第一个百万英镑！,0,0,0,408
和。。。。谈恋爱,0,0,0,36
元爱（又名：成为女编剧）,0,0,0,49
无颜问天—我的高中女神,0,0,0,194
一次挫折，一次成长,0,0,0,27
愿你能不断成长,0,0,0,292
生活美好，不可辜负,0,0,0,451
我想拯救世界,0,0,0,16
从人间走过,0,0,0,375
今朝有酒今朝醉,0,0,0,65
人间,0,0,0,425
菁宝是这样长大滴,0,0,0,50
早秋落雏菊,0,0,0,2445
小黑鲸的世界（杂文）,0,0,0,84
明眸看你我,0,0,0,268
我的口袋里，有星星，还有你,0,0,0,2417
二不挂五的“半罐水”人生,0,0,0,7
杂烩,0,0,0,1836
东篱旧爱,0,0,0,170
谁在低吟浅唱，让我无限感伤,7.4,14,0,236
学渣与学霸的自由转换,0,0,0,88
我的第一个百万英镑！,0,0,0,408
生活美好，不可辜负,0,0,0,451
元爱（又名：成为女编剧）,0,0,0,49
无颜问天—我的高中女神,0,0,0,194
一次挫折，一次成长,0,0,0,27
愿你能不断成长,0,0,0,292
漫步时光,0,0,0,22
朱皓:回忆录,0,0,0,32
从武汉到天津,0,0,0,12
碎碎念,0,0,0,178
《揭露大牛：其实他们都很“丧”》,0,0,0,57
人生就是石头剪刀布,0,0,0,9
十八岁，成年世界里，我在干什么。,0,0,0,11
让影剧里的男生教你如何撩妹！,0,0,0,79
父亲,0,0,0,20
老郝老好了,0,0,0,30
感性与理性之间,0,0,0,3981
若是你在,0,0,0,119
一个悲伤者的自救,0,0,0,19
谁没觉得自己牛逼过,0,0,0,26
秋天吃了夏天,0,0,0,161
我想拯救世界,0,0,0,16
你好吗？你说呢,0,0,0,418
人间,0,0,0,425
就让我随意一点。,0,0,0,111
小黑鲸的世界（杂文）,0,0,0,84
我真实的生活,0,0,0,198
看看那个角落，可能爱就藏在那里,0,0,0,22
一逝烟火 一枕凉笙,0,0,0,373
吾妹小初中,0,0,0,10
20岁为止,0,0,0,346
二不挂五的“半罐水”人生,0,0,0,7
我的第一个百万英镑！,0,0,0,408
谁在低吟浅唱，让我无限感伤,7.4,14,0,236
学渣与学霸的自由转换,0,0,0,88
和。。。。谈恋爱,0,0,0,36
元爱（又名：成为女编剧）,0,0,0,49
无颜问天—我的高中女神,0,0,0,194
愿你能不断成长,0,0,0,292
想我就看电影,0,0,0,1325
和Lucky在一起的每一天,0,0,0,933
给自己一句哲理,0,0,0,2
识女手册,8.2,155,0,250439
无关对错，皆为因果,0,0,0,9281
没有鱼也没有熊掌的生活,0,0,0,358
7.4,12,2.00,6351587557895679573155815694553556145717
安娜的早晨,0,0,0,1615
9.0,135,4746035685348577447412029872466201013112101
从心出发的亲子人生故事,0,0,0,9599
我是如何戒掉微信的,9.0,55,0,33938
老年人的爱情故事,0,0,0,3006
3.99,33025921762555054755449
我不是你的盖世英雄,0,0,0,901
情事录,0,0,0,9101
虾夷富士初冠雪,0,0,0,4771
王翊的回忆录,0,0,0,17
千禧年记事,0,0,0,14
生活本色,0,0,0,1125
苟日夜长,0,0,0,856
你好哇，德国幼儿园,0,0,0,2549
写给小余的晚安语录,0,0,0,176
不向这个世界妥协,7.4,18,0,3352
情感世界生存指南,0,0,0,55
诗和远方,0,0,0,109
宇宙和平爱基地,0,0,0,19
单身饭局,0,0,0,643
电影与人生,0,0,0,13
小菊的母亲,0,0,0,97
深深深森呼吸,0,0,0,11
长大到底是怎么一回事,0,0,0,1662
炭火熊熊,0,0,0,8
日常,0,0,0,9
散落于我们身边的故事,0,0,0,261
吾家萌亲皆活宝,0,0,0,50
从北大到高盛：如何打好一手烂牌,0,0,0,2061
如果过上想要的生活,0,0,0,54
生而为人，我很抱歉,0,0,0,35
余生没那么长，请你忠于你自己,0,0,0,13
青春就像一位堕落的诗人,0,0,0,71
蜗牛似的爬行物,0,0,0,7
鲸鱼传,0,0,0,8
生活是迷魂阵，我不想做迷失的人,0,0,0,52
深情不过99天,0,0,0,43
一个男人的秘密花园,0,0,0,157
我的早恋十七岁,0,0,0,11
深秋寒冬,0,0,0,127
孤独与爱同在,0,0,0,312
虽然相遇很晚，但我会陪你到最后,0,0,0,100
莹透的碎片,0,0,0,48
生而为人，我很抱歉,0,0,0,35
余生没那么长，请你忠于你自己,0,0,0,13
青春就像一位堕落的诗人,0,0,0,71
蜗牛似的爬行物,0,0,0,7
鲸鱼传,0,0,0,8
生活是迷魂阵，我不想做迷失的人,0,0,0,52
深情不过99天,0,0,0,43
一个男人的秘密花园,0,0,0,157
想我就看电影,0,0,0,1325
和Lucky在一起的每一天,0,0,0,933
我是肖华,0,0,0,18
你与未来只差一个告别,0,0,0,1488
兔兔咖啡馆,0,0,0,180
3.99,33025921762555054755449
安娜的早晨,0,0,0,1615
虾夷富士初冠雪,0,0,0,4771
9.0,135,4746035685348577447412029872466201013112101
识女手册,8.2,155,0,250439
谢谢离婚这件事,7.8,15,0,44804
我是如何戒掉微信的,9.0,55,0,33938
老年人的爱情故事,0,0,0,3006
情事录,0,0,0,9101
我在这城市的幸福感,0,0,0,5184
7.4,12,2.00,6351587557895679573155815694553556145717
溯回,0,0,0,1193
最后你们没有在一起,0,0,0,673
无关对错，皆为因果,0,0,0,9281
绘本解忧杂货店,0,0,0,6400
喜欢你的那五年,0,0,0,27
你与未来只差一个告别,0,0,0,1488
兔兔咖啡馆,0,0,0,180
那些爱情里的是是非非,0,0,0,279
四丫的爱情汤铺,0,0,0,17
谢谢离婚这件事,7.8,15,0,44804
你到底有多幸运,0,0,0,22
每天吃饭都是影视黄金八点档,0,0,0,897
1.99,823747664689726623601631578607
大四可以吃的吗？,0,0,0,354
禅机日用,0,0,0,4679
录梦集,0,0,0,406
花花世界,0,0,0,20
白月光和朱砂痣,0,0,0,21
溯回,0,0,0,1193
最后你们没有在一起,0,0,0,673
我的世界有你,0,0,0,36
第二十一种孤独,0,0,0,10991
我在这城市的幸福感,0,0,0,5184
我的前小半生,0,0,0,46
雪花无声,0,0,0,31
修行,0,0,0,103
当我与这世界相遇,0,0,0,41
独家心事,0,0,0,141
林家日常,0,0,0,37
情深缘浅，都曾深爱,0,0,0,277
虚无之无,0,0,0,231
胖少女日记,0,0,0,126
我昨天晚上做了个梦,0,0,0,53
文章转《你坐车从西向东 我走路由南到北》,0,0,0,63
我曾遇见同样的你,0,0,0,122
长歌不散,0,0,0,968
吴的文,0,0,0,47
行走的植物们,0,0,0,21
寂寞当年箫鼓,0,0,0,177
浅记流年 漫记,0,0,0,22
乡邻琐记,0,0,0,22
在七零八落的生活里，遇见精致的自己,0,0,0,46
浓情淡如我--加拿大奇缘记,0,0,0,384
我的前小半生,0,0,0,46
雪花无声,0,0,0,31
学海无涯,0,0,0,42
我的青春，我的老九门,0,0,0,37
当我与这世界相遇,0,0,0,41
林家日常,0,0,0,37
文章转《你坐车从西向东 我走路由南到北》,0,0,0,63
长歌不散,0,0,0,968
大城小事,0,0,0,74
寂寞当年箫鼓,0,0,0,177
乡邻琐记,0,0,0,22
一个故事,0,0,0,2
生活存稿,0,0,0,110
臭屁先生，你好！,0,0,0,52
妍妍特立独行的奇幻生活,0,0,0,28
我把你当朋友你却想和我谈恋爱,0,0,0,51
游泳的夏天,0,0,0,25
迷雾学龄前,0,0,0,8
434女生宿舍扎心日常,0,0,0,21
我是普通人,0,0,0,25
不正经自传,0,0,0,134
文一西路,0,0,0,8
短期北漂人物图鉴,0,0,0,71
爱与被爱一样痛苦，谁又能给谁救赎,0,0,0,5
我的昨天、今天、明天（原创）,0,0,0,6
灌篮高手之梦回二十年,0,0,0,19
草木皆兵——女兵回忆手记30天,0,0,0,21
北漂生存指北,0,0,0,8
往事不随风,0,0,0,66
八月芳华,0,0,0,22
阿拳的成长故事,0,0,0,4
观,0,0,0,32
人在山中游,0,0,0,119
大概小时候，或者高调告白吧,0,0,0,13
一碗人间烟火,0,0,0,14
看电影，聊爱情,0,0,0,276
十八分之二的一百个问答,0,0,0,172
一个男生的自白,0,0,0,30
一个女青年的日常碎碎念,0,0,0,13
以浅薄的眼光看世界,0,0,0,120
笑看繁华 无非放下,0,0,0,8
怂萍有话,0,0,0,49
十七,8.2,13,0,5086
一个人私奔,0,0,0,200
谁在低吟浅唱，让我无限感伤,7.4,14,0,236
冷清秋,0,0,0,67
女二号爱情故事,0,0,0,846
四丫的爱情汤铺,0,0,0,17
生活如茶，情感似酒,0,0,0,816
小思的心灵故事,0,0,0,35
电话里的人生,0,0,0,82
碗里有饭,0,0,0,41
她和我的十九年,0,0,0,126
女子恋爱图鉴,0,0,0,2309
未命名,0,0,0,193
爱情的模样,0,0,0,123
CoCo小姐养成记,0,0,0,61
别郁闷，你那有那么多观众,0,0,0,310
一次挫折，一次成长,0,0,0,27
1996,0,0,0,82
心情笔记,0,0,0,12
围炉夜话,0,0,0,286
塔,0,0,0,17
家有初一学生,0,0,0,134
因为爱情,0,0,0,22
十八岁，成年世界里，我在干什么。,0,0,0,11
生活需要励志与美好,0,0,0,480
告别,0,0,0,12
我是小白不迷茫,0,0,0,35
学海无涯,0,0,0,1006
《草木人间——路书》,0,0,0,57
十八分之二的一百个问答,0,0,0,172
一个男生的自白,0,0,0,30
最美不过时光,0,0,0,10308
明年又长一岁,0,0,0,16
鲸鱼传,0,0,0,8
你终究是一匹披着美羊羊外衣的红太狼,0,0,0,5
元识力：高效和快乐的本源,0,0,0,9
春天在哪里,0,0,0,135
满满的笑和微微的甜,0,0,0,3
一只居的日常想法,0,0,0,34
短期北漂人物图鉴,0,0,0,71
7.8,16,6.99,75937265655266421210889819754704756
我与港大,0,0,0,85
7.2,25,3.99,7276716469161771157222321438137012651359
余生的琐碎事,0,0,0,56
最美的风景，是回家的路,9.8,79,0,58236
迎刃自信,7.2,32,0,106385
不要让自己难过太久,0,0,0,4382
毒汤,0,0,0,1690
小土豆,0,0,0,10
他们生活的世界,0,0,0,5446
一颗牙疼,0,0,0,1084
爱情怪谈录,0,0,0,6603
12.00,3089273526562652483456461468435455
人生路上 我们一起,0,0,0,15
我会遇见你,0,0,0,386
大猫和小猫的故事,7.8,19,0,6911
人间剧场,7.4,15,0,46064
夏虫语于冰,0,0,0,41
美好生活馆,0,0,0,1724
吾家萌亲皆活宝,0,0,0,50
你只负责精彩，天意自会眷顾,0,0,0,3292
睡不着的姑娘容易老,0,0,0,24605
人间值得,0,0,0,10
我想跟你谈一谈,0,0,0,212
我是如何挂了4科的,0,0,0,52
广州的情情爱爱,0,0,0,12
她說,0,0,0,62
吾妹小初中,0,0,0,10
龙门阵,0,0,0,106
写给她的情书,0,0,0,17
我的第一个百万英镑！,0,0,0,408
不向这个世界妥协,7.4,18,0,3352
猪小妹和陈大傻的故事,0,0,0,9
无颜问天—我的高中女神,0,0,0,194
我不上班的理由,0,0,0,450
一碗人间烟火,0,0,0,14
那些不焦虑的年轻人,0,0,0,53
我和生活这个骗子的战争,0,0,0,329
家常味道,0,0,0,9
孤独旅人,0,0,0,344
游泳的夏天,0,0,0,25
再见，我最亲的人,0,0,0,26
城市故事,0,0,0,50
我的存在,0,0,0,9
《前世，今生，就算轮回也无法忘记你》,0,0,0,22
一个寻常人的故事,0,0,0,26
原来恋爱的故事是这样的啊,0,0,0,10
做自己的超人,0,0,0,1152
那些养病的岁月,0,0,0,2308
失恋自救指南,0,0,0,12869
1.90,459370347363482834328933
花梨坎,0,0,0,49
打赢青春这场仗,0,0,0,2707
7.8,37,12.00,1207899897856800758762718732685
凑和，请滚远点,0,0,0,6320
《告别童年，青春起航》,0,0,0,14
4.99,75767050704360141166814734934763793
三二言，四五拍,0,0,0,493
相亲攻略,8.2,36,0,14575
媚影情感,0,0,0,36
法老的那些日子,7.8,13,0,8227
当我们谈论结婚时我们在谈论什么,0,0,0,5251
无我心,0,0,0,37
3.99,136666552616659705257
陌生人餐桌，一场穿梭在城市的旅行,0,0,0,392
露水侵晨,0,0,0,135
诗酒渡年华,0,0,0,38
两排楼，小小院,0,0,0,182
粉红色的小诗,0,0,0,154
大四可以吃的吗？,0,0,0,354
失恋邮局,0,0,0,26
沧海一粟,0,0,0,8
人间草木深,0,0,0,75
三年养娃两年模拟——论科学养狗的重要性,0,0,0,2240
一份学习报告,0,0,0,21
人生，没有剧本的电影,0,0,0,197
2343w42,0,0,0,48
Lights Go Out,0,0,0,378
安东尼的成长日志,0,0,0,39
没有大夫的精神病院,0,0,0,52
秀兰,0,0,0,5
写给爸爸妈妈，假装你们还活着,0,0,0,124
河,0,0,0,20
清华姐姐教你读大学,0,0,0,24
流心集,0,0,0,20
爱在沧桑人世间流淌,0,0,0,3
生活备忘录,0,0,0,14
我们寝室的基佬,0,0,0,136
到底什么是理想的生活,0,0,0,1295
王翊的回忆录,0,0,0,17
客厅,0,0,0,388
安东尼的成长日志,0,0,0,39
2.99,4323383943173187121034
流心集,0,0,0,20
没有大夫的精神病院,0,0,0,52
情操,0,0,0,21262
1.99,238106948181801082212
秀兰,0,0,0,5
王翊的回忆录,0,0,0,17
36292963281027463121651129113482
你走以后,0,0,0,5532
彼岸故事,0,0,0,3604
将结婚进行到底,7.0,18,0,31521
爱在沧桑人世间流淌,0,0,0,3
女孩的成长,0,0,0,5135
好姑娘光芒万丈,7.2,28,0,19375
从自我觉知开始,0,0,0,1965
我是肖华,0,0,0,18
2.99,4323383943173187121034
彼岸故事,0,0,0,3604
情操,0,0,0,21262
1.99,238106948181801082212
客厅,0,0,0,388
文学有毒,0,0,0,3
36292963281027463121651129113482
你走以后,0,0,0,5532
纯粹的谬误,0,0,0,52
将结婚进行到底,7.0,18,0,31521
我的小六我的孤独,0,0,0,35
世界的轮廓,0,0,0,49
女孩的成长,0,0,0,5135
好姑娘光芒万丈,7.2,28,0,19375
从自我觉知开始,0,0,0,1965
深秋寒冬,0,0,0,127
从武汉到天津,0,0,0,12
你好吗？你说呢,0,0,0,418
人间,0,0,0,425
想回到过去,0,0,0,21
谁不是一边疼痛，一边成长,0,0,0,26
薛小杉的回忆录,0,0,0,120
少女情怀总是诗,0,0,0,46
迷路在人生,0,0,0,29
只属于她的365个清迈,0,0,0,179
相亲记事,0,0,0,24
我的岁月无欺,0,0,0,33
你好吗？你说呢,0,0,0,418
人间,0,0,0,425
怎样谈一场不分首的恋爱,0,0,0,1019
大学那些小事,0,0,0,369
当某天，不再需要爱情,0,0,0,1127
写给回忆的三十一份情书,0,0,0,94
小林煎茶,0,0,0,2764
一个60后的真实人生,7.6,12,0,37406
无人谱曲，我依然写心中的原创歌词,0,0,0,116
南乔手札,0,0,0,250
行走的植物们,0,0,0,21
相亲的苦痛经历,0,0,0,56
少女情怀总是诗,0,0,0,46
生活本色,0,0,0,1125
散落于我们身边的故事,0,0,0,261
好久不见,0,0,0,65
想回到过去,0,0,0,21
木星栖息日记,0,0,0,255
纯粹的谬误,0,0,0,52
文学有毒,0,0,0,3
世界的轮廓,0,0,0,49
说于桑田,0,0,0,10
我是肖华,0,0,0,18
