故垒西边,8.2,31,4.99,9291
漫话宋朝,9.0,50,3.99,9776
山河破碎,0,0,3.99,1978
舛命奇情查理王【中】,0,0,0.00,1041
只有清香似旧时,9.0,44,0,584431
神隐春秋,8.8,44,0,192856
明出地上,0,0,0.00,778
殇公主与铁面人,0,0,0.00,2479
血腥爱情故事,7.8,128,0,9095
月娥,8.8,362,0,18337
天然声,8.6,62,4.99,7043
特务,8.0,44,1.99,1827
太液芙蓉,9.0,29,1.99,2579
深他妈的情啊,8.4,524,0.00,48082
恶土,8.6,592,1.99,48305
不一样的玄武门,0,0,1.99,454
少年崇祯,0,0,0.00,18
盗之道,9.0,91,0.99,7605
舛命奇情查理王【下】,0,0,3.99,858
舛命奇情查理王【上】,8.0,12,0.00,3541
山河故人,7.8,20,0,18651
1911年的枪,0,0,1.99,129
长安英雄传 Ⅰ,0,0,0.00,3118
小丑,7.4,21,1.99,881
吴侬软语,7.8,14,0,28157
莫如初,8.6,25,1.99,1429
云裳月容传,8.6,28,3.99,6901
小人物,8.2,245,0,11479
金墉城（第一部）,0,0,5.99,825
大会馆,9.8,40,2.99,3897
围城,8.0,21,0,287391
徒然计,8.2,149,1.99,11671
酉州打庙记,9.0,23,1.99,4045
太监独白,0,0,1.99,541
幽人往事,7.6,19,1.99,1025
契丹,0,0,1.99,202
出罗马记（二）,0,0,0,1707
水城弟兄,7.8,43,1.99,3541
出罗马记（一）,7.6,20,0,2547
骑背上的风与寒光,8.0,13,2.99,1782
北狩记（鸟部）,7.6,11,4.99,4153
武汉老街传奇,0,0,2.99,1874
碧海,7.8,20,1.99,1257
我是刺客,0,0,1.99,768
帝国的崛起·第一卷,0,0,4.99,1613
青州平乱,0,0,1.99,495
蓝烟记,7.0,34,1.99,1193
出走的家族,8.0,22,1.99,905
另一半故事·贰,0,0,1.99,724
响马时代,0,0,1.99,1045
生死东吴,0,0,0.99,882
归去来兮,7.2,26,1.99,1442
潞河驿,0,0,6.99,311
我的南唐,0,0,0.50,0.50,2360
南唐美后,7.6,63,0,508717
伏兔,0,0,1.99,508
孔子私人学校,0,0,1.99,742
野史笑翻天,0,0,1.99,1156
暴雨青竹,0,0,1.99,456
南海之子,7.6,15,4.99,2713
老树,0,0,1.99,1409
傀儡戏,0,0,1.99,913
长安谣,0,0,1.99,214
星象王,0,0,2.99,591
大明秘事之建文遗踪,0,0,0,58
癌战,7.2,32,0,222847
夜阑静花未眠,8.8,131,0,42241
六旗风云录（下册）,7.4,21,0,3295
沙赫静达,0,0,1.99,550
神之翼,8.4,20,1.99,1955
钓鱼城,8.0,13,1.99,1164
1910 入侵英伦,0,0,5.99,435
白塔寻印记,8.2,68,1.99,6918
风沙莽莽（2）,0,0,0,71
历史中的大人物，小人物,0,0,0,665
双子男袁崇焕的明末历险,0,0,1.99,864
遗忠录,8.6,16,2.99,3500
空灯,7.6,18,1.99,1250
沂州笔记,0,0,1.99,230
素花,9.6,30,1.99,1320
唐朝往事,0,0,1.99,426
深藏在玉林,0,0,0.99,145
风沙莽莽第一部,0,0,3.99,1697
查无此城,7.8,15,1.99,1398
怪胎版三国演义（上册）,0,0,0,1134
捕风,8.2,83,1.99,4715
伊本·阿拉丁的第九个知名者,0,0,3.99,261
电闪雷鸣,0,0,1.99,523
体香恋,0,0,0,1348
穿越之颜顷,7.4,14,0,20706
成皋神探,0,0,0.99,198
烈士安吉的过去,0,0,5.99,362
三唐五代演义,7.4,15,0,73056
玄奘,0,0,0.99,694
新郑,7.4,11,1.99,839
四哥和他的小伙伴们,7.8,19,1.99,1223
烟尘生,8.0,23,1.99,867
众星动神 卷二,0,0,1.99,209
战争动物,0,0,2.99,500
出罗马记（三）,0,0,0,1080
杜氏铜芸,7.0,22,1.99,1130
枪口下的选择,0,0,0,11808
融雪,0,0,1.99,106
消失的郭财神,0,0,0,231
粟特王朝浮沉录,8.2,12,0,2126
喀尔喀乌鸦,7.0,35,1.99,2862
复兴楼的老板,7.4,70,0,5277
荷影剑魂,0,0,0,1126
听听古文大白话系列---儒林外史,0,0,0,5
扬州孤儿,7.8,30,1.99,3504
南北朝风雷（1）,8.0,13,2.99,4723
布衣宰相,7.6,37,1.99,2083
天子党,7.8,73,0,32400
东周君王传,0,0,0,131
故土,0,0,0,7
鹿人,0,0,0.99,288
只恨相逢未嫁时,7.0,22,3.99,3525
世无英雄,0,0,0,135
秀才造反之我是词人,0,0,1.99,185
曹雪芹家族传奇,0,0,9.99,709
潜龙勿用,7.2,12,1.99,971
浏阳镇,0,0,0,38
万水楼,0,0,1.99,120
牺牲,0,0,1.99,323
野史笑翻天Ⅱ,0,0,1.99,1191
鹡鸰脊念珠,6.8,19,0,3387
保定屠夫,0,0,1.99,288
布松寺,8.0,15,1.99,633
伏生的忧虑,0,0,0,629
二月,8.4,474,1.99,25739
云锦计,0,0,0.99,74
铜城旧事,0,0,3.99,3770
战国无双,7.0,11,1.99,635
玉歌声,0,0,1.99,303
白玉,0,0,1.99,299
玉溪拼图,0,0,1.99,1182
归来兮,0,0,0,4746
阿思阑传奇,0,0,1.99,892
雪地上的蚂蚁,0,0,1.99,252
六旗风云录（上册）,7.4,25,0,8382
南柯年华,0,0,0,4338
永不回头,0,0,5.99,942
左柱国,7.2,12,0,1605
1935,0,0,0.99,595
1998年的洪水,0,0,1.99,515
失传已久的城,0,0,0,4456
春芽,0,0,1.99,172
南北朝风雷（2）,0,0,2.99,309
死于河畔,0,0,5.99,1026
花荣正传（下）,0,0,1.99,347
仓颉造字,8.6,15,1.99,1574
战国之夺位记,7.2,24,1.99,1314
4.99,792711697680674674670677679678
龙珠奇缘,0,0,1.99,88
不觉长安梦,0,0,0,2206
长安路,0,0,1.99,161
吴侬软语,6.4,15,3.99,7065
绝情三言,0,0,1.99,188
暗淡了刀光剑影,0,0,1.99,81
拭古集,0,0,0,15
孽海记,0,0,0,2005
天可汗：唐太宗李世民,0,0,0,522
大成实录,0,0,0,78
楚世无双,0,0,0,43
大明风月,0,0,0,2129
粗糙的往事,0,0,0,26
泛希腊三国演义,0,0,0,2466
借书人,6.6,50,1.99,3666
金墉城,0,0,0,3449
戏说春秋郑庄公,0,0,0,68
浊世野录,7.4,17,0,3931
三逾墙,0,0,0,128
武则天真传①,0,0,0,500
窥伺,0,0,1.99,119
大金帝国小叙,0,0,0,193
山人手帐*甲集,0,0,0,557
半山传,0,0,0,1749
鬼怪奇异,0,0,0,188
民国旧事--红梅韵,0,0,0,75272
楚汉纪事,0,0,0,408
莽牯岭,0,0,0,5577
吴起,0,0,0,1364
寂寞李固,0,0,1.99,45
青木匣,7.4,12,1.99,354
逝水东流,0,0,0,311
花荣正传（上）,0,0,1.99,901
魂萦旧梦,0,0,0,164
桓楚旧事,0,0,0,310
陈家大屋,0,0,2.99,2188
男人婆穿越记,0,0,0,6997
4.99,142917473655962664741
政归司马氏,6.6,11,0.99,763
大明风月（二）,0,0,0,1010
龙椅,0,0,1.99,118
历史红颜——原来你是这样的故事女人,0,0,0,1804
妙恋家丁,0,0,0,61
风起青萍,0,0,0,30
张太虚的历史,0,0,0,48
相思局,0,0,0,184
楚望,0,0,1.99,482
大唐海外行经记,0,0,0,579
蒋介石的一生,0,0,0,34
大司马,0,0,0,17
进击的猛士,0,0,0,170
狂狼乌力微,0,0,1.99,197
辽东风云三部曲,0,0,0,98
潮汐不再来,0,0,0,4323
狂,0,0,0,72
方壶园,0,0,0,3327
天地不仁,0,0,0,1176
坠楼之恋——石崇与绿珠,0,0,0,21
秋水映鸿,0,0,0,4531
鱼缸,0,0,0,33
九歌,0,0,1.99,118
《乌龙闹官场之官混》,0,0,0,842
倾月班,0,0,0,5380
闽国扬帆去,0,0,0,164
土地,0,0,0,66
雷素尔独立的故事,0,0,0,21
梅妃穿越记,0,0,0,178
村庄,0,0,0,96
足球编年史,0,0,0,1810
扬雄,0,0,0,215
封神演义之我见,0,0,0,69
《乌龙闹官场之官混》,0,0,0,842
方壶园,0,0,0,3327
天地不仁,0,0,0,1176
秋水映鸿,0,0,0,4531
盛世烟云,0,0,0,5665
汉献王传奇,0,0,0,669
蜀辈,0,0,0,1654
倾月班,0,0,0,5380
闽国扬帆去,0,0,0,164
滴血的甘露,0,0,0,224
无处潜伏,0,0,1.99,97
吴绝传,0,0,0,4221
扬雄,0,0,0,215
烽火黄河口,0,0,0,966
仲景再世,0,0,0,5407
刑部四杰,0,0,0,5790
得机和不得机与机,0,0,0,42
寻找,0,0,0,243
秋雪漫江,0,0,0,565
大魏肃侯传,8.2,15,0,834
赌徒,0,0,0,7240
背负天山,0,0,0,81913
在纳粹的心脏地带,0,0,0,31
9.6,49,6.99,7029558653145204508550765057505450234984
与子成悦,7.2,11,0,31919
点将燕云台 美少年的屈辱与张扬,0,0,0,686
有一种爱叫永远跟随,0,0,0,109
西门庆的奋斗史：从破落户到国民老公,0,0,0,600
元明风烟,0,0,0,1289
满目香烟空念远,7.2,17,1.99,1224
汉末三面,0,0,0,118
关下,0,0,0,1310
细江湖,8.2,20,0,2647
风沙莽莽第二部,0,0,4.99,364
后吐蕃时代,0,0,0,11720
塞上曲,0,0,0,82
神都，将开之荼蘼，浓夏锦纨扇，金梧桐井,0,0,0,64
6.99,4081851831854850124312832
一曲满庭芳,8.2,19,0,7187
不甘平庸：夏侯家族演义（上）,0,0,0,107
夺嫡,0,0,0,1209
女金匠,0,0,0,7131
新编三国演义,0,0,0,55
折子戏之云散高唐,0,0,0,1832
赵氏孤儿,0,0,0,7088
故都名门,0,0,0,5722
楼兰王子,0,0,0,7
浮生之劫,0,0,0,84
古城祭,0,0,0,551
晋翼,0,0,0,343
扯虎皮,0,0,0,5021
1010784752745756720745726730732
楚汉谣：帝国的崩溃,0,0,0,351
晓色云开,7.8,35,0,14608
那些从坟墓里爬出来的故事,0,0,0,202
《校园三国恋》,0,0,0,163
6.99,16712412112211911711310423100
伽蓝雨,7.4,11,1.99,547
有个霸主叫小白 第1部,0,0,0,2984
秀才造反,0,0,1.99,268
琅琊臺,0,0,0,257
聂政,0,0,0,10706
汉家三代,0,0,0,9477
斯世众生,0,0,0,83
骄傲,0,0,0,434
大唐五代风雨情,0,0,0,40
斑斓本纪,0,0,0,450
浆糊传说,0,0,0,17
大之至者,0,0,0,1130
格格爱吃肉,0,0,0,543
霸春秋,0,0,0,15
和光乱,0,0,0,1244
当家大掌柜,0,0,0,478
小亚细亚之鹰,0,0,0,16
石人一只眼,0,0,0,654
绝宠妖狐,0,0,0,14
去洛阳,0,0,0,104
9.4,177,7.00,1253510422101489875984798019781974397709774
生逢乱世,0,0,0,195
凤倾城,7.4,12,0,2459
正负得史,7.6,13,0,2983
卧龙恋,0,0,0,299
梦醒黑土地,0,0,0,122
2.99,5714784654262123103017
思味回,0,0,0.99,175
14.00,189160136129127251091011
血色仕途,0,0,0,610
北城长安诀,0,0,0,1505
绍兴十年,0,0,4.99,832
霸春秋,0,0,0,6
前清举人家的少奶奶,0,0,0,1304
汉室孤儿,0,0,0,30
東山旧事录,0,0,0,176
3.99,442371358329327313310372925
子不语（卷一）,0,0,0,220
侯爵,0,0,0,929
景大人永登赶龙（原名《景大人斩龙脉》）,0,0,0,51
市舶小司,0,0,0,1633
老北平缤纷录,0,0,0,21
大泽一百九十八年,0,0,0,52
惊鸿谍影,0,0,0,3609
草堂异录,0,0,0,30
古原风声,0,0,0,204
宦海传灯录,0,0,0,1886
浅香记,0,0,0,170
且向花间留晚照,0,0,0,263
南兰陵,0,0,0,5833
我的姥姥是土匪,0,0,0,1
神钟孽缘,0,0,0,4444
林家女人,0,0,0,6123
忠义榜,0,0,0,916
去洛阳 二,0,0,0,8
解缙传奇,0,0,0,246
莫如锦衣最风流,0,0,0,492
孤品,0,0,0,90
燕云十八骑,0,0,0,4259
相思本是无凭语,0,0,0,33
人间有白头,0,0,0,739
火场坝,0,0,0,190
2.00,135941776562665313
袁崇焕与他对手们的那些事,0,0,0,71
《大革命》,0,0,0,332
10.00,115910738167858518351037413372
5.90,71362119643622
出罗马记（四）,0,0,0,530
帝国旧梦,0,0,0,1774
破灭——海陵王完颜亮的九维人生,0,0,0,1901
殷商之谜,0,0,0,10803
遥远的茵梦湖,0,0,0,238
朝歌往事,0,0,0,1308
史蓝玉是谁,0,0,1.99,174
金刚如露,0,0,0,90
韩家老屋,0,0,0,4158
丰州仙考志,0,0,0,172
5.99,27214810590954467
4.99,82504746453
风憩梧桐,0,0,1.99,57
汉奸父子,0,0,0,158
《窥梦》,0,0,0,3882
